[{"names":[],"matrix":[[1,0,0],[0,1,-0],[-0,0,1]]},{"names":["h"],"matrix":[[0,0,-1],[0,-1,0],[-1,0,0]]},{"names":["t"],"matrix":[[0.70710678,-0.70710678,0],[0.70710678,0.70710678,0],[0,0,1]]},{"names":["tdg"],"matrix":[[0.70710678,0.70710678,0],[-0.70710678,0.70710678,0],[0,0,1]]},{"names":["h","t"],"matrix":[[0,0.70710678,-0.70710678],[0,-0.70710678,-0.70710678],[-1,0,0]]},{"names":["h","tdg"],"matrix":[[0,-0.70710678,-0.70710678],[0,-0.70710678,0.70710678],[-1,0,0]]},{"names":["t","h"],"matrix":[[0,0,-1],[-0.70710678,-0.70710678,0],[-0.70710678,0.70710678,0]]},{"names":["t","t"],"matrix":[[1.53686518e-16,-1.00000000e+00,0.00000000e+00],[1.00000000e+00,1.14345030e-16,0.00000000e+00],[0.00000000e+00,0.00000000e+00,1.00000000e+00]]},{"names":["tdg","h"],"matrix":[[0,0,-1],[0.70710678,-0.70710678,0],[-0.70710678,-0.70710678,0]]},{"names":["tdg","tdg"],"matrix":[[1.53686518e-16,1.00000000e+00,0.00000000e+00],[-1.00000000e+00,1.14345030e-16,0.00000000e+00],[0.00000000e+00,0.00000000e+00,1.00000000e+00]]},{"names":["h","t","h"],"matrix":[[1,0,0],[0,0.70710678,0.70710678],[0,-0.70710678,0.70710678]]},{"names":["h","t","t"],"matrix":[[0.00000000e+00,1.00000000e+00,-1.86204198e-16],[0.00000000e+00,-1.92849653e-16,-1.00000000e+00],[-1.00000000e+00,0.00000000e+00,0.00000000e+00]]},{"names":["h","tdg","h"],"matrix":[[1,0,0],[0,0.70710678,-0.70710678],[0,0.70710678,0.70710678]]},{"names":["h","tdg","tdg"],"matrix":[[0.00000000e+00,-1.00000000e+00,-1.86204198e-16],[0.00000000e+00,-1.92849653e-16,1.00000000e+00],[-1.00000000e+00,0.00000000e+00,0.00000000e+00]]},{"names":["t","h","t"],"matrix":[[0.5,0.5,-0.70710678],[-0.5,-0.5,-0.70710678],[-0.70710678,0.70710678,0]]},{"names":["t","h","tdg"],"matrix":[[-0.5,-0.5,-0.70710678],[-0.5,-0.5,0.70710678],[-0.70710678,0.70710678,0]]},{"names":["t","t","h"],"matrix":[[0.00000000e+00,0.00000000e+00,-1.00000000e+00],[-1.00000000e+00,-1.14345030e-16,0.00000000e+00],[-1.53686518e-16,1.00000000e+00,0.00000000e+00]]},{"names":["t","t","t"],"matrix":[[-0.70710678,-0.70710678,0],[0.70710678,-0.70710678,0],[0,0,1]]},{"names":["tdg","h","t"],"matrix":[[-0.5,0.5,-0.70710678],[0.5,-0.5,-0.70710678],[-0.70710678,-0.70710678,0]]},{"names":["tdg","h","tdg"],"matrix":[[0.5,-0.5,-0.70710678],[0.5,-0.5,0.70710678],[-0.70710678,-0.70710678,0]]},{"names":["tdg","tdg","h"],"matrix":[[0.00000000e+00,0.00000000e+00,-1.00000000e+00],[1.00000000e+00,-1.14345030e-16,0.00000000e+00],[-1.53686518e-16,-1.00000000e+00,0.00000000e+00]]},{"names":["tdg","tdg","tdg"],"matrix":[[-0.70710678,0.70710678,0],[-0.70710678,-0.70710678,0],[0,0,1]]},{"names":["h","t","h","t"],"matrix":[[0.70710678,-0.5,-0.5],[0.70710678,0.5,0.5],[0,-0.70710678,0.70710678]]},{"names":["h","t","h","tdg"],"matrix":[[0.70710678,0.5,0.5],[-0.70710678,0.5,0.5],[0,-0.70710678,0.70710678]]},{"names":["h","t","t","h"],"matrix":[[1.00000000e+00,0.00000000e+00,0.00000000e+00],[0.00000000e+00,1.92849653e-16,1.00000000e+00],[0.00000000e+00,-1.00000000e+00,1.86204198e-16]]},{"names":["h","t","t","t"],"matrix":[[0,0.70710678,0.70710678],[0,0.70710678,-0.70710678],[-1,0,0]]},{"names":["h","tdg","h","t"],"matrix":[[0.70710678,-0.5,0.5],[0.70710678,0.5,-0.5],[0,0.70710678,0.70710678]]},{"names":["h","tdg","h","tdg"],"matrix":[[0.70710678,0.5,-0.5],[-0.70710678,0.5,-0.5],[0,0.70710678,0.70710678]]},{"names":["h","tdg","tdg","h"],"matrix":[[1.00000000e+00,0.00000000e+00,0.00000000e+00],[0.00000000e+00,1.92849653e-16,-1.00000000e+00],[0.00000000e+00,1.00000000e+00,1.86204198e-16]]},{"names":["h","tdg","tdg","tdg"],"matrix":[[0,-0.70710678,0.70710678],[0,0.70710678,0.70710678],[-1,0,0]]},{"names":["t","h","t","h"],"matrix":[[0.70710678,-0.70710678,0],[0.5,0.5,0.70710678],[-0.5,-0.5,0.70710678]]},{"names":["t","h","t","t"],"matrix":[[7.07106781e-01,7.07106781e-01,-1.40217254e-16],[-1.57009246e-16,-1.24491566e-16,-1.00000000e+00],[-7.07106781e-01,7.07106781e-01,0.00000000e+00]]},{"names":["t","h","tdg","h"],"matrix":[[0.70710678,-0.70710678,0],[0.5,0.5,-0.70710678],[0.5,0.5,0.70710678]]},{"names":["t","h","tdg","tdg"],"matrix":[[-7.07106781e-01,-7.07106781e-01,-1.40217254e-16],[-1.57009246e-16,-1.24491566e-16,1.00000000e+00],[-7.07106781e-01,7.07106781e-01,0.00000000e+00]]},{"names":["t","t","h","t"],"matrix":[[7.07106781e-01,8.08541461e-17,-7.07106781e-01],[-7.07106781e-01,-8.08541461e-17,-7.07106781e-01],[-1.53686518e-16,1.00000000e+00,0.00000000e+00]]},{"names":["t","t","h","tdg"],"matrix":[[-7.07106781e-01,-8.08541461e-17,-7.07106781e-01],[-7.07106781e-01,-8.08541461e-17,7.07106781e-01],[-1.53686518e-16,1.00000000e+00,0.00000000e+00]]},{"names":["t","t","t","h"],"matrix":[[0,0,-1],[-0.70710678,0.70710678,0],[0.70710678,0.70710678,0]]},{"names":["t","t","t","t"],"matrix":[[-1.00000000e+00,-2.64708821e-16,0.00000000e+00],[2.71354276e-16,-1.00000000e+00,0.00000000e+00],[0.00000000e+00,0.00000000e+00,1.00000000e+00]]},{"names":["tdg","h","t","h"],"matrix":[[0.70710678,0.70710678,0],[-0.5,0.5,0.70710678],[0.5,-0.5,0.70710678]]},{"names":["tdg","h","t","t"],"matrix":[[-7.07106781e-01,7.07106781e-01,-1.40217254e-16],[1.57009246e-16,-1.24491566e-16,-1.00000000e+00],[-7.07106781e-01,-7.07106781e-01,0.00000000e+00]]},{"names":["tdg","h","tdg","h"],"matrix":[[0.70710678,0.70710678,0],[-0.5,0.5,-0.70710678],[-0.5,0.5,0.70710678]]},{"names":["tdg","h","tdg","tdg"],"matrix":[[7.07106781e-01,-7.07106781e-01,-1.40217254e-16],[1.57009246e-16,-1.24491566e-16,1.00000000e+00],[-7.07106781e-01,-7.07106781e-01,0.00000000e+00]]},{"names":["tdg","tdg","h","t"],"matrix":[[-7.07106781e-01,8.08541461e-17,-7.07106781e-01],[7.07106781e-01,-8.08541461e-17,-7.07106781e-01],[-1.53686518e-16,-1.00000000e+00,0.00000000e+00]]},{"names":["tdg","tdg","h","tdg"],"matrix":[[7.07106781e-01,-8.08541461e-17,-7.07106781e-01],[7.07106781e-01,-8.08541461e-17,7.07106781e-01],[-1.53686518e-16,-1.00000000e+00,0.00000000e+00]]},{"names":["tdg","tdg","tdg","h"],"matrix":[[0,0,-1],[0.70710678,0.70710678,0],[0.70710678,-0.70710678,0]]},{"names":["h","t","h","t","h"],"matrix":[[0,0.70710678,-0.70710678],[-0.70710678,-0.5,-0.5],[-0.70710678,0.5,0.5]]},{"names":["h","t","h","t","t"],"matrix":[[1.72734934e-16,-7.07106781e-01,-7.07106781e-01],[1.00000000e+00,6.89804151e-17,1.24491566e-16],[0.00000000e+00,-7.07106781e-01,7.07106781e-01]]},{"names":["h","t","h","tdg","h"],"matrix":[[0,0.70710678,-0.70710678],[0.70710678,-0.5,-0.5],[-0.70710678,-0.5,-0.5]]},{"names":["h","t","h","tdg","tdg"],"matrix":[[1.72734934e-16,7.07106781e-01,7.07106781e-01],[-1.00000000e+00,6.89804151e-17,1.24491566e-16],[0.00000000e+00,-7.07106781e-01,7.07106781e-01]]},{"names":["h","t","t","h","tdg"],"matrix":[[7.07106781e-01,1.36365297e-16,7.07106781e-01],[-7.07106781e-01,1.36365297e-16,7.07106781e-01],[0.00000000e+00,-1.00000000e+00,1.86204198e-16]]},{"names":["h","t","t","t","h"],"matrix":[[1,0,0],[0,-0.70710678,0.70710678],[0,-0.70710678,-0.70710678]]},{"names":["h","t","t","t","t"],"matrix":[[0.00000000e+00,3.29744180e-16,1.00000000e+00],[0.00000000e+00,1.00000000e+00,-3.17341219e-16],[-1.00000000e+00,0.00000000e+00,0.00000000e+00]]},{"names":["h","tdg","h","t","h"],"matrix":[[0,-0.70710678,-0.70710678],[-0.70710678,-0.5,0.5],[-0.70710678,0.5,-0.5]]},{"names":["h","tdg","h","t","t"],"matrix":[[1.72734934e-16,-7.07106781e-01,7.07106781e-01],[1.00000000e+00,6.89804151e-17,-1.24491566e-16],[0.00000000e+00,7.07106781e-01,7.07106781e-01]]},{"names":["h","tdg","h","tdg","h"],"matrix":[[0,-0.70710678,-0.70710678],[0.70710678,-0.5,0.5],[-0.70710678,-0.5,0.5]]},{"names":["h","tdg","h","tdg","tdg"],"matrix":[[1.72734934e-16,7.07106781e-01,-7.07106781e-01],[-1.00000000e+00,6.89804151e-17,-1.24491566e-16],[0.00000000e+00,7.07106781e-01,7.07106781e-01]]},{"names":["h","tdg","tdg","h","t"],"matrix":[[7.07106781e-01,-1.36365297e-16,7.07106781e-01],[7.07106781e-01,1.36365297e-16,-7.07106781e-01],[0.00000000e+00,1.00000000e+00,1.86204198e-16]]},{"names":["h","tdg","tdg","tdg","h"],"matrix":[[1,0,0],[0,-0.70710678,-0.70710678],[0,0.70710678,-0.70710678]]},{"names":["t","h","t","h","t"],"matrix":[[0.14644661,-0.85355339,-0.5],[0.85355339,-0.14644661,0.5],[-0.5,-0.5,0.70710678]]},{"names":["t","h","t","h","tdg"],"matrix":[[0.85355339,-0.14644661,0.5],[-0.14644661,0.85355339,0.5],[-0.5,-0.5,0.70710678]]},{"names":["t","h","t","t","t"],"matrix":[[0.5,0.5,0.70710678],[0.5,0.5,-0.70710678],[-0.70710678,0.70710678,0]]},{"names":["t","h","tdg","h","t"],"matrix":[[0.14644661,-0.85355339,0.5],[0.85355339,-0.14644661,-0.5],[0.5,0.5,0.70710678]]},{"names":["t","h","tdg","h","tdg"],"matrix":[[0.85355339,-0.14644661,-0.5],[-0.14644661,0.85355339,-0.5],[0.5,0.5,0.70710678]]},{"names":["t","h","tdg","tdg","h"],"matrix":[[7.07106781e-01,-7.07106781e-01,0.00000000e+00],[1.57009246e-16,1.24491566e-16,-1.00000000e+00],[7.07106781e-01,7.07106781e-01,1.40217254e-16]]},{"names":["t","h","tdg","tdg","tdg"],"matrix":[[-0.5,-0.5,0.70710678],[0.5,0.5,0.70710678],[-0.70710678,0.70710678,0]]},{"names":["t","t","h","t","h"],"matrix":[[1.53686518e-16,-1.00000000e+00,0.00000000e+00],[7.07106781e-01,8.08541461e-17,7.07106781e-01],[-7.07106781e-01,-8.08541461e-17,7.07106781e-01]]},{"names":["t","t","h","tdg","h"],"matrix":[[1.53686518e-16,-1.00000000e+00,0.00000000e+00],[7.07106781e-01,8.08541461e-17,-7.07106781e-01],[7.07106781e-01,8.08541461e-17,7.07106781e-01]]},{"names":["t","t","h","tdg","tdg"],"matrix":[[-1.00000000e+00,-1.14345030e-16,-1.72734934e-16],[-1.27814294e-16,-1.67827318e-32,1.00000000e+00],[-1.53686518e-16,1.00000000e+00,0.00000000e+00]]},{"names":["t","t","t","h","t"],"matrix":[[0.5,-0.5,-0.70710678],[-0.5,0.5,-0.70710678],[0.70710678,0.70710678,0]]},{"names":["t","t","t","h","tdg"],"matrix":[[-0.5,0.5,-0.70710678],[-0.5,0.5,0.70710678],[0.70710678,0.70710678,0]]},{"names":["t","t","t","t","h"],"matrix":[[0.00000000e+00,0.00000000e+00,-1.00000000e+00],[-2.71354276e-16,1.00000000e+00,0.00000000e+00],[1.00000000e+00,2.64708821e-16,0.00000000e+00]]},{"names":["tdg","h","t","h","t"],"matrix":[[0.85355339,0.14644661,-0.5],[0.14644661,0.85355339,0.5],[0.5,-0.5,0.70710678]]},{"names":["tdg","h","t","h","tdg"],"matrix":[[0.14644661,0.85355339,0.5],[-0.85355339,-0.14644661,0.5],[0.5,-0.5,0.70710678]]},{"names":["tdg","h","t","t","h"],"matrix":[[7.07106781e-01,7.07106781e-01,0.00000000e+00],[-1.57009246e-16,1.24491566e-16,1.00000000e+00],[7.07106781e-01,-7.07106781e-01,1.40217254e-16]]},{"names":["tdg","h","t","t","t"],"matrix":[[-0.5,0.5,0.70710678],[-0.5,0.5,-0.70710678],[-0.70710678,-0.70710678,0]]},{"names":["tdg","h","tdg","h","t"],"matrix":[[0.85355339,0.14644661,0.5],[0.14644661,0.85355339,-0.5],[-0.5,0.5,0.70710678]]},{"names":["tdg","h","tdg","h","tdg"],"matrix":[[0.14644661,0.85355339,-0.5],[-0.85355339,-0.14644661,-0.5],[-0.5,0.5,0.70710678]]},{"names":["tdg","h","tdg","tdg","tdg"],"matrix":[[0.5,-0.5,0.70710678],[-0.5,0.5,0.70710678],[-0.70710678,-0.70710678,0]]},{"names":["tdg","tdg","h","t","h"],"matrix":[[1.53686518e-16,1.00000000e+00,0.00000000e+00],[-7.07106781e-01,8.08541461e-17,7.07106781e-01],[7.07106781e-01,-8.08541461e-17,7.07106781e-01]]},{"names":["tdg","tdg","h","t","t"],"matrix":[[-1.00000000e+00,1.14345030e-16,-1.72734934e-16],[1.27814294e-16,-1.67827318e-32,-1.00000000e+00],[-1.53686518e-16,-1.00000000e+00,0.00000000e+00]]},{"names":["tdg","tdg","h","tdg","h"],"matrix":[[1.53686518e-16,1.00000000e+00,0.00000000e+00],[-7.07106781e-01,8.08541461e-17,-7.07106781e-01],[-7.07106781e-01,8.08541461e-17,7.07106781e-01]]},{"names":["tdg","tdg","tdg","h","t"],"matrix":[[-0.5,-0.5,-0.70710678],[0.5,0.5,-0.70710678],[0.70710678,-0.70710678,0]]},{"names":["tdg","tdg","tdg","h","tdg"],"matrix":[[0.5,0.5,-0.70710678],[0.5,0.5,0.70710678],[0.70710678,-0.70710678,0]]},{"names":["h","t","h","t","h","t"],"matrix":[[0.5,0.85355339,-0.14644661],[-0.5,0.14644661,-0.85355339],[-0.70710678,0.5,0.5]]},{"names":["h","t","h","t","h","tdg"],"matrix":[[-0.5,0.14644661,-0.85355339],[-0.5,-0.85355339,0.14644661],[-0.70710678,0.5,0.5]]},{"names":["h","t","h","t","t","t"],"matrix":[[-0.70710678,-0.5,-0.5],[0.70710678,-0.5,-0.5],[0,-0.70710678,0.70710678]]},{"names":["h","t","h","tdg","h","t"],"matrix":[[-0.5,0.85355339,-0.14644661],[0.5,0.14644661,-0.85355339],[-0.70710678,-0.5,-0.5]]},{"names":["h","t","h","tdg","h","tdg"],"matrix":[[0.5,0.14644661,-0.85355339],[0.5,-0.85355339,0.14644661],[-0.70710678,-0.5,-0.5]]},{"names":["h","t","h","tdg","tdg","h"],"matrix":[[0.00000000e+00,7.07106781e-01,-7.07106781e-01],[1.00000000e+00,-6.89804151e-17,-1.24491566e-16],[-1.72734934e-16,-7.07106781e-01,-7.07106781e-01]]},{"names":["h","t","h","tdg","tdg","tdg"],"matrix":[[-0.70710678,0.5,0.5],[-0.70710678,-0.5,-0.5],[0,-0.70710678,0.70710678]]},{"names":["h","t","t","h","tdg","h"],"matrix":[[0.00000000e+00,1.00000000e+00,-1.86204198e-16],[7.07106781e-01,-1.36365297e-16,-7.07106781e-01],[-7.07106781e-01,-1.36365297e-16,-7.07106781e-01]]},{"names":["h","t","t","h","tdg","tdg"],"matrix":[[1.26747991e-16,1.92849653e-16,1.00000000e+00],[-1.00000000e+00,3.06040722e-32,2.06318917e-16],[0.00000000e+00,-1.00000000e+00,1.86204198e-16]]},{"names":["h","t","t","t","h","t"],"matrix":[[0.70710678,0.5,-0.5],[0.70710678,-0.5,0.5],[0,-0.70710678,-0.70710678]]},{"names":["h","t","t","t","h","tdg"],"matrix":[[0.70710678,-0.5,0.5],[-0.70710678,-0.5,0.5],[0,-0.70710678,-0.70710678]]},{"names":["h","t","t","t","t","h"],"matrix":[[1.00000000e+00,0.00000000e+00,0.00000000e+00],[0.00000000e+00,-1.00000000e+00,3.17341219e-16],[0.00000000e+00,-3.29744180e-16,-1.00000000e+00]]},{"names":["h","tdg","h","t","h","t"],"matrix":[[0.5,-0.14644661,-0.85355339],[-0.5,-0.85355339,-0.14644661],[-0.70710678,0.5,-0.5]]},{"names":["h","tdg","h","t","h","tdg"],"matrix":[[-0.5,-0.85355339,-0.14644661],[-0.5,0.14644661,0.85355339],[-0.70710678,0.5,-0.5]]},{"names":["h","tdg","h","t","t","h"],"matrix":[[0.00000000e+00,-7.07106781e-01,-7.07106781e-01],[-1.00000000e+00,-6.89804151e-17,1.24491566e-16],[-1.72734934e-16,7.07106781e-01,-7.07106781e-01]]},{"names":["h","tdg","h","t","t","t"],"matrix":[[-0.70710678,-0.5,0.5],[0.70710678,-0.5,0.5],[0,0.70710678,0.70710678]]},{"names":["h","tdg","h","tdg","h","t"],"matrix":[[-0.5,-0.14644661,-0.85355339],[0.5,-0.85355339,-0.14644661],[-0.70710678,-0.5,0.5]]},{"names":["h","tdg","h","tdg","h","tdg"],"matrix":[[0.5,-0.85355339,-0.14644661],[0.5,0.14644661,0.85355339],[-0.70710678,-0.5,0.5]]},{"names":["h","tdg","h","tdg","tdg","tdg"],"matrix":[[-0.70710678,0.5,-0.5],[-0.70710678,-0.5,0.5],[0,0.70710678,0.70710678]]},{"names":["h","tdg","tdg","h","t","h"],"matrix":[[0.00000000e+00,-1.00000000e+00,-1.86204198e-16],[-7.07106781e-01,-1.36365297e-16,7.07106781e-01],[-7.07106781e-01,1.36365297e-16,-7.07106781e-01]]},{"names":["h","tdg","tdg","h","t","t"],"matrix":[[1.26747991e-16,-1.92849653e-16,1.00000000e+00],[1.00000000e+00,3.06040722e-32,-2.06318917e-16],[0.00000000e+00,1.00000000e+00,1.86204198e-16]]},{"names":["h","tdg","tdg","tdg","h","t"],"matrix":[[0.70710678,0.5,0.5],[0.70710678,-0.5,-0.5],[0,0.70710678,-0.70710678]]},{"names":["h","tdg","tdg","tdg","h","tdg"],"matrix":[[0.70710678,-0.5,-0.5],[-0.70710678,-0.5,-0.5],[0,0.70710678,-0.70710678]]},{"names":["t","h","t","h","t","h"],"matrix":[[0.5,0.5,-0.70710678],[-0.85355339,0.14644661,-0.5],[-0.14644661,0.85355339,0.5]]},{"names":["t","h","t","h","t","t"],"matrix":[[-5.00000000e-01,-5.00000000e-01,-7.07106781e-01],[7.07106781e-01,-7.07106781e-01,1.47485038e-16],[-5.00000000e-01,-5.00000000e-01,7.07106781e-01]]},{"names":["t","h","t","h","tdg","h"],"matrix":[[0.5,0.5,-0.70710678],[0.14644661,-0.85355339,-0.5],[-0.85355339,0.14644661,-0.5]]},{"names":["t","h","t","h","tdg","tdg"],"matrix":[[5.00000000e-01,5.00000000e-01,7.07106781e-01],[-7.07106781e-01,7.07106781e-01,1.47485038e-16],[-5.00000000e-01,-5.00000000e-01,7.07106781e-01]]},{"names":["t","h","t","t","t","h"],"matrix":[[0.70710678,-0.70710678,0],[-0.5,-0.5,0.70710678],[-0.5,-0.5,-0.70710678]]},{"names":["t","h","t","t","t","t"],"matrix":[[3.10073436e-16,2.87079964e-16,1.00000000e+00],[7.07106781e-01,7.07106781e-01,-2.84823540e-16],[-7.07106781e-01,7.07106781e-01,0.00000000e+00]]},{"names":["t","h","tdg","h","t","h"],"matrix":[[-0.5,-0.5,-0.70710678],[-0.85355339,0.14644661,0.5],[-0.14644661,0.85355339,-0.5]]},{"names":["t","h","tdg","h","t","t"],"matrix":[[-5.00000000e-01,-5.00000000e-01,7.07106781e-01],[7.07106781e-01,-7.07106781e-01,-1.47485038e-16],[5.00000000e-01,5.00000000e-01,7.07106781e-01]]},{"names":["t","h","tdg","h","tdg","h"],"matrix":[[-0.5,-0.5,-0.70710678],[0.14644661,-0.85355339,0.5],[-0.85355339,0.14644661,0.5]]},{"names":["t","h","tdg","h","tdg","tdg"],"matrix":[[5.00000000e-01,5.00000000e-01,-7.07106781e-01],[-7.07106781e-01,7.07106781e-01,-1.47485038e-16],[5.00000000e-01,5.00000000e-01,7.07106781e-01]]},{"names":["t","h","tdg","tdg","h","t"],"matrix":[[5.00000000e-01,-5.00000000e-01,7.07106781e-01],[5.00000000e-01,-5.00000000e-01,-7.07106781e-01],[7.07106781e-01,7.07106781e-01,1.40217254e-16]]},{"names":["t","h","tdg","tdg","tdg","h"],"matrix":[[0.70710678,-0.70710678,0],[-0.5,-0.5,-0.70710678],[0.5,0.5,-0.70710678]]},{"names":["t","t","h","t","h","t"],"matrix":[[-5.00000000e-01,-7.07106781e-01,-5.00000000e-01],[5.00000000e-01,-7.07106781e-01,5.00000000e-01],[-7.07106781e-01,-8.08541461e-17,7.07106781e-01]]},{"names":["t","t","h","t","h","tdg"],"matrix":[[5.00000000e-01,-7.07106781e-01,5.00000000e-01],[5.00000000e-01,7.07106781e-01,5.00000000e-01],[-7.07106781e-01,-8.08541461e-17,7.07106781e-01]]},{"names":["t","t","h","tdg","h","t"],"matrix":[[-5.00000000e-01,-7.07106781e-01,5.00000000e-01],[5.00000000e-01,-7.07106781e-01,-5.00000000e-01],[7.07106781e-01,8.08541461e-17,7.07106781e-01]]},{"names":["t","t","h","tdg","h","tdg"],"matrix":[[5.00000000e-01,-7.07106781e-01,-5.00000000e-01],[5.00000000e-01,7.07106781e-01,-5.00000000e-01],[7.07106781e-01,8.08541461e-17,7.07106781e-01]]},{"names":["t","t","h","tdg","tdg","h"],"matrix":[[1.53686518e-16,-1.00000000e+00,0.00000000e+00],[1.27814294e-16,1.67827318e-32,-1.00000000e+00],[1.00000000e+00,1.14345030e-16,1.72734934e-16]]},{"names":["t","t","h","tdg","tdg","tdg"],"matrix":[[-7.07106781e-01,-8.08541461e-17,7.07106781e-01],[7.07106781e-01,8.08541461e-17,7.07106781e-01],[-1.53686518e-16,1.00000000e+00,0.00000000e+00]]},{"names":["t","t","t","h","t","h"],"matrix":[[-0.70710678,-0.70710678,0],[0.5,-0.5,0.70710678],[-0.5,0.5,0.70710678]]},{"names":["t","t","t","h","tdg","h"],"matrix":[[-0.70710678,-0.70710678,0],[0.5,-0.5,-0.70710678],[0.5,-0.5,0.70710678]]},{"names":["t","t","t","h","tdg","tdg"],"matrix":[[-7.07106781e-01,7.07106781e-01,-1.26747991e-16],[-1.47485038e-16,1.57009246e-16,1.00000000e+00],[7.07106781e-01,7.07106781e-01,0.00000000e+00]]},{"names":["t","t","t","t","h","t"],"matrix":[[1.91876449e-16,-7.07106781e-01,-7.07106781e-01],[-1.91876449e-16,7.07106781e-01,-7.07106781e-01],[1.00000000e+00,2.64708821e-16,0.00000000e+00]]},{"names":["t","t","t","t","h","tdg"],"matrix":[[-1.91876449e-16,7.07106781e-01,-7.07106781e-01],[-1.91876449e-16,7.07106781e-01,7.07106781e-01],[1.00000000e+00,2.64708821e-16,0.00000000e+00]]},{"names":["tdg","h","t","h","t","h"],"matrix":[[-0.5,0.5,-0.70710678],[-0.14644661,-0.85355339,-0.5],[-0.85355339,-0.14644661,0.5]]},{"names":["tdg","h","t","h","t","t"],"matrix":[[5.00000000e-01,-5.00000000e-01,-7.07106781e-01],[7.07106781e-01,7.07106781e-01,1.47485038e-16],[5.00000000e-01,-5.00000000e-01,7.07106781e-01]]},{"names":["tdg","h","t","h","tdg","h"],"matrix":[[-0.5,0.5,-0.70710678],[0.85355339,0.14644661,-0.5],[-0.14644661,-0.85355339,-0.5]]},{"names":["tdg","h","t","h","tdg","tdg"],"matrix":[[-5.00000000e-01,5.00000000e-01,7.07106781e-01],[-7.07106781e-01,-7.07106781e-01,1.47485038e-16],[5.00000000e-01,-5.00000000e-01,7.07106781e-01]]},{"names":["tdg","h","t","t","h","tdg"],"matrix":[[5.00000000e-01,5.00000000e-01,7.07106781e-01],[-5.00000000e-01,-5.00000000e-01,7.07106781e-01],[7.07106781e-01,-7.07106781e-01,1.40217254e-16]]},{"names":["tdg","h","t","t","t","h"],"matrix":[[0.70710678,0.70710678,0],[0.5,-0.5,0.70710678],[0.5,-0.5,-0.70710678]]},{"names":["tdg","h","t","t","t","t"],"matrix":[[-3.10073436e-16,2.87079964e-16,1.00000000e+00],[-7.07106781e-01,7.07106781e-01,-2.84823540e-16],[-7.07106781e-01,-7.07106781e-01,0.00000000e+00]]},{"names":["tdg","h","tdg","h","t","h"],"matrix":[[0.5,-0.5,-0.70710678],[-0.14644661,-0.85355339,0.5],[-0.85355339,-0.14644661,-0.5]]},{"names":["tdg","h","tdg","h","t","t"],"matrix":[[5.00000000e-01,-5.00000000e-01,7.07106781e-01],[7.07106781e-01,7.07106781e-01,-1.47485038e-16],[-5.00000000e-01,5.00000000e-01,7.07106781e-01]]},{"names":["tdg","h","tdg","h","tdg","h"],"matrix":[[0.5,-0.5,-0.70710678],[0.85355339,0.14644661,0.5],[-0.14644661,-0.85355339,0.5]]},{"names":["tdg","h","tdg","h","tdg","tdg"],"matrix":[[-5.00000000e-01,5.00000000e-01,-7.07106781e-01],[-7.07106781e-01,-7.07106781e-01,-1.47485038e-16],[-5.00000000e-01,5.00000000e-01,7.07106781e-01]]},{"names":["tdg","h","tdg","tdg","tdg","h"],"matrix":[[0.70710678,0.70710678,0],[0.5,-0.5,-0.70710678],[-0.5,0.5,-0.70710678]]},{"names":["tdg","tdg","h","t","h","t"],"matrix":[[5.00000000e-01,7.07106781e-01,-5.00000000e-01],[-5.00000000e-01,7.07106781e-01,5.00000000e-01],[7.07106781e-01,-8.08541461e-17,7.07106781e-01]]},{"names":["tdg","tdg","h","t","h","tdg"],"matrix":[[-5.00000000e-01,7.07106781e-01,5.00000000e-01],[-5.00000000e-01,-7.07106781e-01,5.00000000e-01],[7.07106781e-01,-8.08541461e-17,7.07106781e-01]]},{"names":["tdg","tdg","h","t","t","h"],"matrix":[[1.53686518e-16,1.00000000e+00,0.00000000e+00],[-1.27814294e-16,1.67827318e-32,1.00000000e+00],[1.00000000e+00,-1.14345030e-16,1.72734934e-16]]},{"names":["tdg","tdg","h","t","t","t"],"matrix":[[-7.07106781e-01,8.08541461e-17,7.07106781e-01],[-7.07106781e-01,8.08541461e-17,-7.07106781e-01],[-1.53686518e-16,-1.00000000e+00,0.00000000e+00]]},{"names":["tdg","tdg","h","tdg","h","t"],"matrix":[[5.00000000e-01,7.07106781e-01,5.00000000e-01],[-5.00000000e-01,7.07106781e-01,-5.00000000e-01],[-7.07106781e-01,8.08541461e-17,7.07106781e-01]]},{"names":["tdg","tdg","h","tdg","h","tdg"],"matrix":[[-5.00000000e-01,7.07106781e-01,-5.00000000e-01],[-5.00000000e-01,-7.07106781e-01,-5.00000000e-01],[-7.07106781e-01,8.08541461e-17,7.07106781e-01]]},{"names":["tdg","tdg","tdg","h","t","h"],"matrix":[[-0.70710678,0.70710678,0],[-0.5,-0.5,0.70710678],[0.5,0.5,0.70710678]]},{"names":["tdg","tdg","tdg","h","t","t"],"matrix":[[-7.07106781e-01,-7.07106781e-01,-1.26747991e-16],[1.47485038e-16,1.57009246e-16,-1.00000000e+00],[7.07106781e-01,-7.07106781e-01,0.00000000e+00]]},{"names":["tdg","tdg","tdg","h","tdg","h"],"matrix":[[-0.70710678,0.70710678,0],[-0.5,-0.5,-0.70710678],[-0.5,-0.5,0.70710678]]},{"names":["h","t","h","t","h","t","h"],"matrix":[[0.70710678,-0.5,-0.5],[0.5,-0.14644661,0.85355339],[-0.5,-0.85355339,0.14644661]]},{"names":["h","t","h","t","h","t","t"],"matrix":[[7.07106781e-01,5.00000000e-01,5.00000000e-01],[-1.14967359e-16,7.07106781e-01,-7.07106781e-01],[-7.07106781e-01,5.00000000e-01,5.00000000e-01]]},{"names":["h","t","h","t","h","tdg","h"],"matrix":[[0.70710678,-0.5,-0.5],[0.5,0.85355339,-0.14644661],[0.5,-0.14644661,0.85355339]]},{"names":["h","t","h","t","h","tdg","tdg"],"matrix":[[-7.07106781e-01,-5.00000000e-01,-5.00000000e-01],[-1.14967359e-16,-7.07106781e-01,7.07106781e-01],[-7.07106781e-01,5.00000000e-01,5.00000000e-01]]},{"names":["h","t","h","t","t","t","h"],"matrix":[[0,0.70710678,-0.70710678],[-0.70710678,0.5,0.5],[0.70710678,0.5,0.5]]},{"names":["h","t","h","t","t","t","t"],"matrix":[[-1.00000000e+00,-1.30070718e-16,-2.87079964e-16],[3.30810483e-16,-7.07106781e-01,-7.07106781e-01],[0.00000000e+00,-7.07106781e-01,7.07106781e-01]]},{"names":["h","t","h","tdg","h","t","h"],"matrix":[[0.70710678,0.5,0.5],[-0.5,-0.14644661,0.85355339],[0.5,-0.85355339,0.14644661]]},{"names":["h","t","h","tdg","h","t","t"],"matrix":[[-7.07106781e-01,5.00000000e-01,5.00000000e-01],[1.14967359e-16,7.07106781e-01,-7.07106781e-01],[-7.07106781e-01,-5.00000000e-01,-5.00000000e-01]]},{"names":["h","t","h","tdg","h","tdg","h"],"matrix":[[0.70710678,0.5,0.5],[-0.5,0.85355339,-0.14644661],[-0.5,-0.14644661,0.85355339]]},{"names":["h","t","h","tdg","h","tdg","tdg"],"matrix":[[7.07106781e-01,-5.00000000e-01,-5.00000000e-01],[1.14967359e-16,-7.07106781e-01,7.07106781e-01],[-7.07106781e-01,-5.00000000e-01,-5.00000000e-01]]},{"names":["h","t","h","tdg","tdg","h","t"],"matrix":[[-7.07106781e-01,5.00000000e-01,-5.00000000e-01],[7.07106781e-01,5.00000000e-01,-5.00000000e-01],[-1.72734934e-16,-7.07106781e-01,-7.07106781e-01]]},{"names":["h","t","h","tdg","tdg","tdg","h"],"matrix":[[0,0.70710678,-0.70710678],[0.70710678,0.5,0.5],[0.70710678,-0.5,-0.5]]},{"names":["h","t","t","h","tdg","h","t"],"matrix":[[-5.00000000e-01,7.07106781e-01,5.00000000e-01],[5.00000000e-01,7.07106781e-01,-5.00000000e-01],[-7.07106781e-01,-1.36365297e-16,-7.07106781e-01]]},{"names":["h","t","t","h","tdg","h","tdg"],"matrix":[[5.00000000e-01,7.07106781e-01,-5.00000000e-01],[5.00000000e-01,-7.07106781e-01,-5.00000000e-01],[-7.07106781e-01,-1.36365297e-16,-7.07106781e-01]]},{"names":["h","t","t","h","tdg","tdg","h"],"matrix":[[0.00000000e+00,1.00000000e+00,-1.86204198e-16],[1.00000000e+00,-3.06040722e-32,-2.06318917e-16],[-1.26747991e-16,-1.92849653e-16,-1.00000000e+00]]},{"names":["h","t","t","t","h","t","h"],"matrix":[[0,0.70710678,0.70710678],[-0.70710678,0.5,-0.5],[-0.70710678,-0.5,0.5]]},{"names":["h","t","t","t","h","tdg","h"],"matrix":[[0,0.70710678,0.70710678],[0.70710678,0.5,-0.5],[-0.70710678,0.5,-0.5]]},{"names":["h","t","t","t","h","tdg","tdg"],"matrix":[[1.59265670e-16,-7.07106781e-01,7.07106781e-01],[-1.00000000e+00,-6.89804151e-17,1.37960830e-16],[0.00000000e+00,-7.07106781e-01,-7.07106781e-01]]},{"names":["h","t","t","t","t","h","t"],"matrix":[[7.07106781e-01,7.07106781e-01,-2.24394128e-16],[7.07106781e-01,-7.07106781e-01,2.24394128e-16],[0.00000000e+00,-3.29744180e-16,-1.00000000e+00]]},{"names":["h","t","t","t","t","h","tdg"],"matrix":[[7.07106781e-01,-7.07106781e-01,2.24394128e-16],[-7.07106781e-01,-7.07106781e-01,2.24394128e-16],[0.00000000e+00,-3.29744180e-16,-1.00000000e+00]]},{"names":["h","tdg","h","t","h","t","h"],"matrix":[[0.70710678,-0.5,0.5],[0.5,0.85355339,0.14644661],[-0.5,0.14644661,0.85355339]]},{"names":["h","tdg","h","t","h","t","t"],"matrix":[[7.07106781e-01,5.00000000e-01,-5.00000000e-01],[-1.14967359e-16,-7.07106781e-01,-7.07106781e-01],[-7.07106781e-01,5.00000000e-01,-5.00000000e-01]]},{"names":["h","tdg","h","t","h","tdg","h"],"matrix":[[0.70710678,-0.5,0.5],[0.5,-0.14644661,-0.85355339],[0.5,0.85355339,0.14644661]]},{"names":["h","tdg","h","t","h","tdg","tdg"],"matrix":[[-7.07106781e-01,-5.00000000e-01,5.00000000e-01],[-1.14967359e-16,7.07106781e-01,7.07106781e-01],[-7.07106781e-01,5.00000000e-01,-5.00000000e-01]]},{"names":["h","tdg","h","t","t","h","tdg"],"matrix":[[-7.07106781e-01,-5.00000000e-01,-5.00000000e-01],[-7.07106781e-01,5.00000000e-01,5.00000000e-01],[-1.72734934e-16,7.07106781e-01,-7.07106781e-01]]},{"names":["h","tdg","h","t","t","t","h"],"matrix":[[0,-0.70710678,-0.70710678],[-0.70710678,0.5,-0.5],[0.70710678,0.5,-0.5]]},{"names":["h","tdg","h","t","t","t","t"],"matrix":[[-1.00000000e+00,-1.30070718e-16,2.87079964e-16],[3.30810483e-16,-7.07106781e-01,7.07106781e-01],[0.00000000e+00,7.07106781e-01,7.07106781e-01]]},{"names":["h","tdg","h","tdg","h","t","h"],"matrix":[[0.70710678,0.5,-0.5],[-0.5,0.85355339,0.14644661],[0.5,0.14644661,0.85355339]]},{"names":["h","tdg","h","tdg","h","t","t"],"matrix":[[-7.07106781e-01,5.00000000e-01,-5.00000000e-01],[1.14967359e-16,-7.07106781e-01,-7.07106781e-01],[-7.07106781e-01,-5.00000000e-01,5.00000000e-01]]},{"names":["h","tdg","h","tdg","h","tdg","h"],"matrix":[[0.70710678,0.5,-0.5],[-0.5,-0.14644661,-0.85355339],[-0.5,0.85355339,0.14644661]]},{"names":["h","tdg","h","tdg","h","tdg","tdg"],"matrix":[[7.07106781e-01,-5.00000000e-01,5.00000000e-01],[1.14967359e-16,7.07106781e-01,7.07106781e-01],[-7.07106781e-01,-5.00000000e-01,5.00000000e-01]]},{"names":["h","tdg","h","tdg","tdg","tdg","h"],"matrix":[[0,-0.70710678,-0.70710678],[0.70710678,0.5,-0.5],[0.70710678,-0.5,0.5]]},{"names":["h","tdg","tdg","h","t","h","t"],"matrix":[[5.00000000e-01,-7.07106781e-01,-5.00000000e-01],[-5.00000000e-01,-7.07106781e-01,5.00000000e-01],[-7.07106781e-01,1.36365297e-16,-7.07106781e-01]]},{"names":["h","tdg","tdg","h","t","h","tdg"],"matrix":[[-5.00000000e-01,-7.07106781e-01,5.00000000e-01],[-5.00000000e-01,7.07106781e-01,5.00000000e-01],[-7.07106781e-01,1.36365297e-16,-7.07106781e-01]]},{"names":["h","tdg","tdg","h","t","t","h"],"matrix":[[0.00000000e+00,-1.00000000e+00,-1.86204198e-16],[-1.00000000e+00,-3.06040722e-32,2.06318917e-16],[-1.26747991e-16,1.92849653e-16,-1.00000000e+00]]},{"names":["h","tdg","tdg","tdg","h","t","h"],"matrix":[[0,-0.70710678,0.70710678],[-0.70710678,0.5,0.5],[-0.70710678,-0.5,-0.5]]},{"names":["h","tdg","tdg","tdg","h","t","t"],"matrix":[[1.59265670e-16,7.07106781e-01,7.07106781e-01],[1.00000000e+00,-6.89804151e-17,-1.37960830e-16],[0.00000000e+00,7.07106781e-01,-7.07106781e-01]]},{"names":["h","tdg","tdg","tdg","h","tdg","h"],"matrix":[[0,-0.70710678,0.70710678],[0.70710678,0.5,0.5],[-0.70710678,0.5,0.5]]},{"names":["t","h","t","h","t","h","t"],"matrix":[[0.95710678,0.25,-0.14644661],[-0.25,0.45710678,-0.85355339],[-0.14644661,0.85355339,0.5]]},{"names":["t","h","t","h","t","h","tdg"],"matrix":[[-0.25,0.45710678,-0.85355339],[-0.95710678,-0.25,0.14644661],[-0.14644661,0.85355339,0.5]]},{"names":["t","h","t","h","t","t","t"],"matrix":[[-0.85355339,0.14644661,-0.5],[0.14644661,-0.85355339,-0.5],[-0.5,-0.5,0.70710678]]},{"names":["t","h","t","h","tdg","h","t"],"matrix":[[0.25,0.95710678,-0.14644661],[0.45710678,-0.25,-0.85355339],[-0.85355339,0.14644661,-0.5]]},{"names":["t","h","t","h","tdg","h","tdg"],"matrix":[[0.45710678,-0.25,-0.85355339],[-0.25,-0.95710678,0.14644661],[-0.85355339,0.14644661,-0.5]]},{"names":["t","h","t","h","tdg","tdg","h"],"matrix":[[5.00000000e-01,5.00000000e-01,-7.07106781e-01],[7.07106781e-01,-7.07106781e-01,-1.47485038e-16],[-5.00000000e-01,-5.00000000e-01,-7.07106781e-01]]},{"names":["t","h","t","h","tdg","tdg","tdg"],"matrix":[[-0.14644661,0.85355339,0.5],[-0.85355339,0.14644661,-0.5],[-0.5,-0.5,0.70710678]]},{"names":["t","h","t","t","t","h","t"],"matrix":[[0.85355339,-0.14644661,-0.5],[0.14644661,-0.85355339,0.5],[-0.5,-0.5,-0.70710678]]},{"names":["t","h","t","t","t","h","tdg"],"matrix":[[0.14644661,-0.85355339,0.5],[-0.85355339,0.14644661,0.5],[-0.5,-0.5,-0.70710678]]},{"names":["t","h","tdg","h","t","h","t"],"matrix":[[0.25,-0.45710678,-0.85355339],[-0.95710678,-0.25,-0.14644661],[-0.14644661,0.85355339,-0.5]]},{"names":["t","h","tdg","h","t","h","tdg"],"matrix":[[-0.95710678,-0.25,-0.14644661],[-0.25,0.45710678,0.85355339],[-0.14644661,0.85355339,-0.5]]},{"names":["t","h","tdg","h","t","t","h"],"matrix":[[-5.00000000e-01,-5.00000000e-01,-7.07106781e-01],[-7.07106781e-01,7.07106781e-01,1.47485038e-16],[5.00000000e-01,5.00000000e-01,-7.07106781e-01]]},{"names":["t","h","tdg","h","t","t","t"],"matrix":[[-0.85355339,0.14644661,0.5],[0.14644661,-0.85355339,0.5],[0.5,0.5,0.70710678]]},{"names":["t","h","tdg","h","tdg","h","t"],"matrix":[[-0.45710678,0.25,-0.85355339],[-0.25,-0.95710678,-0.14644661],[-0.85355339,0.14644661,0.5]]},{"names":["t","h","tdg","h","tdg","h","tdg"],"matrix":[[-0.25,-0.95710678,-0.14644661],[0.45710678,-0.25,0.85355339],[-0.85355339,0.14644661,0.5]]},{"names":["t","h","tdg","h","tdg","tdg","tdg"],"matrix":[[-0.14644661,0.85355339,-0.5],[-0.85355339,0.14644661,0.5],[0.5,0.5,0.70710678]]},{"names":["t","h","tdg","tdg","h","t","h"],"matrix":[[-7.07106781e-01,-7.07106781e-01,-1.40217254e-16],[-5.00000000e-01,5.00000000e-01,7.07106781e-01],[-5.00000000e-01,5.00000000e-01,-7.07106781e-01]]},{"names":["t","h","tdg","tdg","h","t","t"],"matrix":[[-3.94505605e-18,-2.87079964e-16,1.00000000e+00],[7.07106781e-01,-7.07106781e-01,-1.41283558e-16],[7.07106781e-01,7.07106781e-01,1.40217254e-16]]},{"names":["t","h","tdg","tdg","tdg","h","t"],"matrix":[[0.85355339,-0.14644661,0.5],[0.14644661,-0.85355339,-0.5],[0.5,0.5,-0.70710678]]},{"names":["t","h","tdg","tdg","tdg","h","tdg"],"matrix":[[0.14644661,-0.85355339,-0.5],[-0.85355339,0.14644661,-0.5],[0.5,0.5,-0.70710678]]},{"names":["t","t","h","t","h","t","h"],"matrix":[[7.07106781e-01,8.08541461e-17,-7.07106781e-01],[-5.00000000e-01,7.07106781e-01,-5.00000000e-01],[5.00000000e-01,7.07106781e-01,5.00000000e-01]]},{"names":["t","t","h","t","h","t","t"],"matrix":[[-7.07106781e-01,-3.16274916e-16,-7.07106781e-01],[3.04494284e-16,-1.00000000e+00,1.14967359e-16],[-7.07106781e-01,-8.08541461e-17,7.07106781e-01]]},{"names":["t","t","h","t","h","tdg","h"],"matrix":[[7.07106781e-01,8.08541461e-17,-7.07106781e-01],[-5.00000000e-01,-7.07106781e-01,-5.00000000e-01],[-5.00000000e-01,7.07106781e-01,-5.00000000e-01]]},{"names":["t","t","h","t","h","tdg","tdg"],"matrix":[[7.07106781e-01,-4.82433677e-17,7.07106781e-01],[-1.90484157e-17,1.00000000e+00,1.14967359e-16],[-7.07106781e-01,-8.08541461e-17,7.07106781e-01]]},{"names":["t","t","h","tdg","h","t","h"],"matrix":[[-7.07106781e-01,-8.08541461e-17,-7.07106781e-01],[-5.00000000e-01,7.07106781e-01,5.00000000e-01],[5.00000000e-01,7.07106781e-01,-5.00000000e-01]]},{"names":["t","t","h","tdg","h","t","t"],"matrix":[[-7.07106781e-01,-3.16274916e-16,7.07106781e-01],[3.04494284e-16,-1.00000000e+00,-1.14967359e-16],[7.07106781e-01,8.08541461e-17,7.07106781e-01]]},{"names":["t","t","h","tdg","h","tdg","h"],"matrix":[[-7.07106781e-01,-8.08541461e-17,-7.07106781e-01],[-5.00000000e-01,-7.07106781e-01,5.00000000e-01],[-5.00000000e-01,7.07106781e-01,5.00000000e-01]]},{"names":["t","t","h","tdg","h","tdg","tdg"],"matrix":[[7.07106781e-01,-4.82433677e-17,-7.07106781e-01],[-1.90484157e-17,1.00000000e+00,-1.14967359e-16],[7.07106781e-01,8.08541461e-17,7.07106781e-01]]},{"names":["t","t","h","tdg","tdg","h","t"],"matrix":[[1.82944254e-17,-7.07106781e-01,7.07106781e-01],[1.99051133e-16,-7.07106781e-01,-7.07106781e-01],[1.00000000e+00,1.14345030e-16,1.72734934e-16]]},{"names":["t","t","h","tdg","tdg","tdg","h"],"matrix":[[1.53686518e-16,-1.00000000e+00,0.00000000e+00],[-7.07106781e-01,-8.08541461e-17,-7.07106781e-01],[7.07106781e-01,8.08541461e-17,-7.07106781e-01]]},{"names":["t","t","t","h","t","h","t"],"matrix":[[-0.85355339,-0.14644661,-0.5],[-0.14644661,-0.85355339,0.5],[-0.5,0.5,0.70710678]]},{"names":["t","t","t","h","t","h","tdg"],"matrix":[[-0.14644661,-0.85355339,0.5],[0.85355339,0.14644661,0.5],[-0.5,0.5,0.70710678]]},{"names":["t","t","t","h","tdg","h","t"],"matrix":[[-0.85355339,-0.14644661,0.5],[-0.14644661,-0.85355339,-0.5],[0.5,-0.5,0.70710678]]},{"names":["t","t","t","h","tdg","h","tdg"],"matrix":[[-0.14644661,-0.85355339,-0.5],[0.85355339,0.14644661,-0.5],[0.5,-0.5,0.70710678]]},{"names":["t","t","t","h","tdg","tdg","tdg"],"matrix":[[-0.5,0.5,0.70710678],[0.5,-0.5,0.70710678],[0.70710678,0.70710678,0]]},{"names":["tdg","h","t","h","t","h","t"],"matrix":[[-0.25,0.95710678,-0.14644661],[-0.45710678,-0.25,-0.85355339],[-0.85355339,-0.14644661,0.5]]},{"names":["tdg","h","t","h","t","h","tdg"],"matrix":[[-0.45710678,-0.25,-0.85355339],[0.25,-0.95710678,0.14644661],[-0.85355339,-0.14644661,0.5]]},{"names":["tdg","h","t","h","tdg","h","t"],"matrix":[[-0.95710678,0.25,-0.14644661],[0.25,0.45710678,-0.85355339],[-0.14644661,-0.85355339,-0.5]]},{"names":["tdg","h","t","h","tdg","h","tdg"],"matrix":[[0.25,0.45710678,-0.85355339],[0.95710678,-0.25,0.14644661],[-0.14644661,-0.85355339,-0.5]]},{"names":["tdg","h","t","h","tdg","tdg","h"],"matrix":[[-5.00000000e-01,5.00000000e-01,-7.07106781e-01],[7.07106781e-01,7.07106781e-01,-1.47485038e-16],[5.00000000e-01,-5.00000000e-01,-7.07106781e-01]]},{"names":["tdg","h","t","t","h","tdg","h"],"matrix":[[-7.07106781e-01,7.07106781e-01,-1.40217254e-16],[5.00000000e-01,5.00000000e-01,-7.07106781e-01],[-5.00000000e-01,-5.00000000e-01,-7.07106781e-01]]},{"names":["tdg","h","t","t","h","tdg","tdg"],"matrix":[[-3.94505605e-18,2.87079964e-16,1.00000000e+00],[-7.07106781e-01,-7.07106781e-01,1.41283558e-16],[7.07106781e-01,-7.07106781e-01,1.40217254e-16]]},{"names":["tdg","h","t","t","t","h","t"],"matrix":[[0.14644661,0.85355339,-0.5],[0.85355339,0.14644661,0.5],[0.5,-0.5,-0.70710678]]},{"names":["tdg","h","t","t","t","h","tdg"],"matrix":[[0.85355339,0.14644661,0.5],[-0.14644661,-0.85355339,0.5],[0.5,-0.5,-0.70710678]]},{"names":["tdg","h","tdg","h","t","h","t"],"matrix":[[0.45710678,0.25,-0.85355339],[0.25,-0.95710678,-0.14644661],[-0.85355339,-0.14644661,-0.5]]},{"names":["tdg","h","tdg","h","t","h","tdg"],"matrix":[[0.25,-0.95710678,-0.14644661],[-0.45710678,-0.25,0.85355339],[-0.85355339,-0.14644661,-0.5]]},{"names":["tdg","h","tdg","h","t","t","h"],"matrix":[[5.00000000e-01,-5.00000000e-01,-7.07106781e-01],[-7.07106781e-01,-7.07106781e-01,1.47485038e-16],[-5.00000000e-01,5.00000000e-01,-7.07106781e-01]]},{"names":["tdg","h","tdg","h","tdg","h","t"],"matrix":[[-0.25,-0.45710678,-0.85355339],[0.95710678,-0.25,-0.14644661],[-0.14644661,-0.85355339,0.5]]},{"names":["tdg","h","tdg","h","tdg","h","tdg"],"matrix":[[0.95710678,-0.25,-0.14644661],[0.25,0.45710678,0.85355339],[-0.14644661,-0.85355339,0.5]]},{"names":["tdg","h","tdg","tdg","tdg","h","t"],"matrix":[[0.14644661,0.85355339,0.5],[0.85355339,0.14644661,-0.5],[-0.5,0.5,-0.70710678]]},{"names":["tdg","h","tdg","tdg","tdg","h","tdg"],"matrix":[[0.85355339,0.14644661,-0.5],[-0.14644661,-0.85355339,-0.5],[-0.5,0.5,-0.70710678]]},{"names":["tdg","tdg","h","t","h","t","h"],"matrix":[[-7.07106781e-01,8.08541461e-17,-7.07106781e-01],[5.00000000e-01,-7.07106781e-01,-5.00000000e-01],[-5.00000000e-01,-7.07106781e-01,5.00000000e-01]]},{"names":["tdg","tdg","h","t","h","tdg","h"],"matrix":[[-7.07106781e-01,8.08541461e-17,-7.07106781e-01],[5.00000000e-01,7.07106781e-01,-5.00000000e-01],[5.00000000e-01,-7.07106781e-01,-5.00000000e-01]]},{"names":["tdg","tdg","h","t","t","h","tdg"],"matrix":[[1.82944254e-17,7.07106781e-01,7.07106781e-01],[-1.99051133e-16,-7.07106781e-01,7.07106781e-01],[1.00000000e+00,-1.14345030e-16,1.72734934e-16]]},{"names":["tdg","tdg","h","t","t","t","h"],"matrix":[[1.53686518e-16,1.00000000e+00,0.00000000e+00],[7.07106781e-01,-8.08541461e-17,7.07106781e-01],[7.07106781e-01,-8.08541461e-17,-7.07106781e-01]]},{"names":["tdg","tdg","h","tdg","h","t","h"],"matrix":[[7.07106781e-01,-8.08541461e-17,-7.07106781e-01],[5.00000000e-01,-7.07106781e-01,5.00000000e-01],[-5.00000000e-01,-7.07106781e-01,-5.00000000e-01]]},{"names":["tdg","tdg","h","tdg","h","tdg","h"],"matrix":[[7.07106781e-01,-8.08541461e-17,-7.07106781e-01],[5.00000000e-01,7.07106781e-01,5.00000000e-01],[5.00000000e-01,-7.07106781e-01,5.00000000e-01]]},{"names":["tdg","tdg","tdg","h","t","t","t"],"matrix":[[-0.5,-0.5,0.70710678],[-0.5,-0.5,-0.70710678],[0.70710678,-0.70710678,0]]},{"names":["h","t","h","t","h","t","h","t"],"matrix":[[0.14644661,-0.25,-0.95710678],[0.85355339,-0.45710678,0.25],[-0.5,-0.85355339,0.14644661]]},{"names":["h","t","h","t","h","t","h","tdg"],"matrix":[[0.85355339,-0.45710678,0.25],[-0.14644661,0.25,0.95710678],[-0.5,-0.85355339,0.14644661]]},{"names":["h","t","h","t","h","t","t","t"],"matrix":[[0.5,-0.14644661,0.85355339],[0.5,0.85355339,-0.14644661],[-0.70710678,0.5,0.5]]},{"names":["h","t","h","t","h","tdg","h","t"],"matrix":[[0.14644661,-0.95710678,-0.25],[0.85355339,0.25,-0.45710678],[0.5,-0.14644661,0.85355339]]},{"names":["h","t","h","t","h","tdg","h","tdg"],"matrix":[[0.85355339,0.25,-0.45710678],[-0.14644661,0.95710678,0.25],[0.5,-0.14644661,0.85355339]]},{"names":["h","t","h","t","h","tdg","tdg","h"],"matrix":[[7.07106781e-01,-5.00000000e-01,-5.00000000e-01],[1.14967359e-16,7.07106781e-01,-7.07106781e-01],[7.07106781e-01,5.00000000e-01,5.00000000e-01]]},{"names":["h","t","h","t","h","tdg","tdg","tdg"],"matrix":[[-0.5,-0.85355339,0.14644661],[0.5,-0.14644661,0.85355339],[-0.70710678,0.5,0.5]]},{"names":["h","t","h","t","t","t","h","t"],"matrix":[[0.5,0.14644661,-0.85355339],[-0.5,0.85355339,-0.14644661],[0.70710678,0.5,0.5]]},{"names":["h","t","h","t","t","t","h","tdg"],"matrix":[[-0.5,0.85355339,-0.14644661],[-0.5,-0.14644661,0.85355339],[0.