[{"names":[],"matrix":[[1,0,0],[0,1,-0],[-0,0,1]],"phase":0.0},{"names":["h"],"matrix":[[0,0,-1],[0,-1,0],[-1,0,0]],"phase":-1.5707963267948966},{"names":["t"],"matrix":[[0.70710678,-0.70710678,0],[0.70710678,0.70710678,0],[0,0,1]],"phase":-0.39269908169872414},{"names":["tdg"],"matrix":[[0.70710678,0.70710678,0],[-0.70710678,0.70710678,0],[0,0,1]],"phase":0.39269908169872414},{"names":["h","t"],"matrix":[[0,0.70710678,-0.70710678],[0,-0.70710678,-0.70710678],[-1,0,0]],"phase":-1.9634954084936207},{"names":["h","tdg"],"matrix":[[0,-0.70710678,-0.70710678],[0,-0.70710678,0.70710678],[-1,0,0]],"phase":-1.1780972450961724},{"names":["t","h"],"matrix":[[0,0,-1],[-0.70710678,-0.70710678,0],[-0.70710678,0.70710678,0]],"phase":-1.9634954084936207},{"names":["t","t"],"matrix":[[1.53686518e-16,-1,0],[1,1.14345030e-16,0],[0,0,1]],"phase":-0.7853981633974483},{"names":["tdg","h"],"matrix":[[0,0,-1],[0.70710678,-0.70710678,0],[-0.70710678,-0.70710678,0]],"phase":-1.1780972450961724},{"names":["tdg","tdg"],"matrix":[[1.53686518e-16,1,0],[-1,1.14345030e-16,0],[0,0,1]],"phase":0.7853981633974483},{"names":["h","t","h"],"matrix":[[1,0,0],[0,0.70710678,0.70710678],[0,-0.70710678,0.70710678]],"phase":-3.5342917352885173},{"names":["h","t","t"],"matrix":[[0,1,-1.86204198e-16],[0,-1.92849653e-16,-1],[-1,0,0]],"phase":-2.356194490192345},{"names":["h","tdg","h"],"matrix":[[1,0,0],[0,0.70710678,-0.70710678],[0,0.70710678,0.70710678]],"phase":-2.748893571891069},{"names":["h","tdg","tdg"],"matrix":[[0,-1,-1.86204198e-16],[0,-1.92849653e-16,1],[-1,0,0]],"phase":-0.7853981633974483},{"names":["t","h","t"],"matrix":[[0.5,0.5,-0.70710678],[-0.5,-0.5,-0.70710678],[-0.70710678,0.70710678,0]],"phase":-2.356194490192345},{"names":["t","h","tdg"],"matrix":[[-0.5,-0.5,-0.70710678],[-0.5,-0.5,0.70710678],[-0.70710678,0.70710678,0]],"phase":-1.5707963267948966},{"names":["t","t","h"],"matrix":[[0,0,-1],[-1,-1.14345030e-16,0],[-1.53686518e-16,1,0]],"phase":-2.356194490192345},{"names":["t","t","t"],"matrix":[[-0.70710678,-0.70710678,0],[0.70710678,-0.70710678,0],[0,0,1]],"phase":-1.1780972450961724},{"names":["tdg","h","t"],"matrix":[[-0.5,0.5,-0.70710678],[0.5,-0.5,-0.70710678],[-0.70710678,-0.70710678,0]],"phase":-1.5707963267948966},{"names":["tdg","h","tdg"],"matrix":[[0.5,-0.5,-0.70710678],[0.5,-0.5,0.70710678],[-0.70710678,-0.70710678,0]],"phase":-0.7853981633974483},{"names":["tdg","tdg","h"],"matrix":[[0,0,-1],[1,-1.14345030e-16,0],[-1.53686518e-16,-1,0]],"phase":-0.7853981633974483},{"names":["tdg","tdg","tdg"],"matrix":[[-0.70710678,0.70710678,0],[-0.70710678,-0.70710678,0],[0,0,1]],"phase":1.1780972450961724},{"names":["h","t","h","t"],"matrix":[[0.70710678,-0.5,-0.5],[0.70710678,0.5,0.5],[0,-0.70710678,0.70710678]],"phase":-3.9269908169872414},{"names":["h","t","h","tdg"],"matrix":[[0.70710678,0.5,0.5],[-0.70710678,0.5,0.5],[0,-0.70710678,0.70710678]],"phase":-3.141592653589793},{"names":["h","t","t","h"],"matrix":[[1,0,0],[0,1.92849653e-16,1],[0,-1,1.86204198e-16]],"phase":-3.9269908169872414},{"names":["h","t","t","t"],"matrix":[[0,0.70710678,0.70710678],[0,0.70710678,-0.70710678],[-1,0,0]],"phase":-2.748893571891069},{"names":["h","tdg","h","t"],"matrix":[[0.70710678,-0.5,0.5],[0.70710678,0.5,-0.5],[0,0.70710678,0.70710678]],"phase":-3.141592653589793},{"names":["h","tdg","h","tdg"],"matrix":[[0.70710678,0.5,-0.5],[-0.70710678,0.5,-0.5],[0,0.70710678,0.70710678]],"phase":-2.356194490192345},{"names":["h","tdg","tdg","h"],"matrix":[[1,0,0],[0,1.92849653e-16,-1],[0,1,1.86204198e-16]],"phase":-2.356194490192345},{"names":["h","tdg","tdg","tdg"],"matrix":[[0,-0.70710678,0.70710678],[0,0.70710678,0.70710678],[-1,0,0]],"phase":-0.39269908169872414},{"names":["t","h","t","h"],"matrix":[[0.70710678,-0.70710678,0],[0.5,0.5,0.70710678],[-0.5,-0.5,0.70710678]],"phase":-3.9269908169872414},{"names":["t","h","t","t"],"matrix":[[7.07106781e-01,7.07106781e-01,-1.40217254e-16],[-1.57009246e-16,-1.24491566e-16,-1],[-7.07106781e-01,7.07106781e-01,0]],"phase":-2.748893571891069},{"names":["t","h","tdg","h"],"matrix":[[0.70710678,-0.70710678,0],[0.5,0.5,-0.70710678],[0.5,0.5,0.70710678]],"phase":-3.141592653589793},{"names":["t","h","tdg","tdg"],"matrix":[[-7.07106781e-01,-7.07106781e-01,-1.40217254e-16],[-1.57009246e-16,-1.24491566e-16,1],[-7.07106781e-01,7.07106781e-01,0]],"phase":-1.1780972450961724},{"names":["t","t","h","t"],"matrix":[[7.07106781e-01,8.08541461e-17,-7.07106781e-01],[-7.07106781e-01,-8.08541461e-17,-7.07106781e-01],[-1.53686518e-16,1,0]],"phase":-2.748893571891069},{"names":["t","t","h","tdg"],"matrix":[[-7.07106781e-01,-8.08541461e-17,-7.07106781e-01],[-7.07106781e-01,-8.08541461e-17,7.07106781e-01],[-1.53686518e-16,1,0]],"phase":-1.9634954084936207},{"names":["t","t","t","h"],"matrix":[[0,0,-1],[-0.70710678,0.70710678,0],[0.70710678,0.70710678,0]],"phase":-2.748893571891069},{"names":["t","t","t","t"],"matrix":[[-1,-2.64708821e-16,0],[2.71354276e-16,-1,0],[0,0,1]],"phase":-1.5707963267948966},{"names":["tdg","h","t","h"],"matrix":[[0.70710678,0.70710678,0],[-0.5,0.5,0.70710678],[0.5,-0.5,0.70710678]],"phase":-3.141592653589793},{"names":["tdg","h","t","t"],"matrix":[[-7.07106781e-01,7.07106781e-01,-1.40217254e-16],[1.57009246e-16,-1.24491566e-16,-1],[-7.07106781e-01,-7.07106781e-01,0]],"phase":-1.9634954084936207},{"names":["tdg","h","tdg","h"],"matrix":[[0.70710678,0.70710678,0],[-0.5,0.5,-0.70710678],[-0.5,0.5,0.70710678]],"phase":-2.356194490192345},{"names":["tdg","h","tdg","tdg"],"matrix":[[7.07106781e-01,-7.07106781e-01,-1.40217254e-16],[1.57009246e-16,-1.24491566e-16,1],[-7.07106781e-01,-7.07106781e-01,0]],"phase":-0.39269908169872414},{"names":["tdg","tdg","h","t"],"matrix":[[-7.07106781e-01,8.08541461e-17,-7.07106781e-01],[7.07106781e-01,-8.08541461e-17,-7.07106781e-01],[-1.53686518e-16,-1,0]],"phase":-1.1780972450961724},{"names":["tdg","tdg","h","tdg"],"matrix":[[7.07106781e-01,-8.08541461e-17,-7.07106781e-01],[7.07106781e-01,-8.08541461e-17,7.07106781e-01],[-1.53686518e-16,-1,0]],"phase":-0.39269908169872414},{"names":["tdg","tdg","tdg","h"],"matrix":[[0,0,-1],[0.70710678,0.70710678,0],[0.70710678,-0.70710678,0]],"phase":-0.39269908169872414},{"names":["h","t","h","t","h"],"matrix":[[0,0.70710678,-0.70710678],[-0.70710678,-0.5,-0.5],[-0.70710678,0.5,0.5]],"phase":-5.497787143782138},{"names":["h","t","h","t","t"],"matrix":[[1.72734934e-16,-7.07106781e-01,-7.07106781e-01],[1,6.89804151e-17,1.24491566e-16],[0,-7.07106781e-01,7.07106781e-01]],"phase":-4.319689898685965},{"names":["h","t","h","tdg","h"],"matrix":[[0,0.70710678,-0.70710678],[0.70710678,-0.5,-0.5],[-0.70710678,-0.5,-0.5]],"phase":-4.71238898038469},{"names":["h","t","h","tdg","tdg"],"matrix":[[1.72734934e-16,7.07106781e-01,7.07106781e-01],[-1,6.89804151e-17,1.24491566e-16],[0,-7.07106781e-01,7.07106781e-01]],"phase":-2.748893571891069},{"names":["h","t","t","h","tdg"],"matrix":[[7.07106781e-01,1.36365297e-16,7.07106781e-01],[-7.07106781e-01,1.36365297e-16,7.07106781e-01],[0,-1,1.86204198e-16]],"phase":-3.5342917352885173},{"names":["h","t","t","t","h"],"matrix":[[1,0,0],[0,-0.70710678,0.70710678],[0,-0.70710678,-0.70710678]],"phase":-4.319689898685965},{"names":["h","t","t","t","t"],"matrix":[[0,3.29744180e-16,1],[0,1,-3.17341219e-16],[-1,0,0]],"phase":-3.141592653589793},{"names":["h","tdg","h","t","h"],"matrix":[[0,-0.70710678,-0.70710678],[-0.70710678,-0.5,0.5],[-0.70710678,0.5,-0.5]],"phase":-4.71238898038469},{"names":["h","tdg","h","t","t"],"matrix":[[1.72734934e-16,-7.07106781e-01,7.07106781e-01],[1,6.89804151e-17,-1.24491566e-16],[0,7.07106781e-01,7.07106781e-01]],"phase":-3.5342917352885173},{"names":["h","tdg","h","tdg","h"],"matrix":[[0,-0.70710678,-0.70710678],[0.70710678,-0.5,0.5],[-0.70710678,-0.5,0.5]],"phase":-3.9269908169872414},{"names":["h","tdg","h","tdg","tdg"],"matrix":[[1.72734934e-16,7.07106781e-01,-7.07106781e-01],[-1,6.89804151e-17,-1.24491566e-16],[0,7.07106781e-01,7.07106781e-01]],"phase":-1.9634954084936207},{"names":["h","tdg","tdg","h","t"],"matrix":[[7.07106781e-01,-1.36365297e-16,7.07106781e-01],[7.07106781e-01,1.36365297e-16,-7.07106781e-01],[0,1,1.86204198e-16]],"phase":-2.748893571891069},{"names":["h","tdg","tdg","tdg","h"],"matrix":[[1,0,0],[0,-0.70710678,-0.70710678],[0,0.70710678,-0.70710678]],"phase":-1.9634954084936207},{"names":["t","h","t","h","t"],"matrix":[[0.14644661,-0.85355339,-0.5],[0.85355339,-0.14644661,0.5],[-0.5,-0.5,0.70710678]],"phase":-4.319689898685965},{"names":["t","h","t","h","tdg"],"matrix":[[0.85355339,-0.14644661,0.5],[-0.14644661,0.85355339,0.5],[-0.5,-0.5,0.70710678]],"phase":-3.5342917352885173},{"names":["t","h","t","t","t"],"matrix":[[0.5,0.5,0.70710678],[0.5,0.5,-0.70710678],[-0.70710678,0.70710678,0]],"phase":-3.141592653589793},{"names":["t","h","tdg","h","t"],"matrix":[[0.14644661,-0.85355339,0.5],[0.85355339,-0.14644661,-0.5],[0.5,0.5,0.70710678]],"phase":-3.5342917352885173},{"names":["t","h","tdg","h","tdg"],"matrix":[[0.85355339,-0.14644661,-0.5],[-0.14644661,0.85355339,-0.5],[0.5,0.5,0.70710678]],"phase":-2.748893571891069},{"names":["t","h","tdg","tdg","h"],"matrix":[[7.07106781e-01,-7.07106781e-01,0],[1.57009246e-16,1.24491566e-16,-1],[7.07106781e-01,7.07106781e-01,1.40217254e-16]],"phase":-2.748893571891069},{"names":["t","h","tdg","tdg","tdg"],"matrix":[[-0.5,-0.5,0.70710678],[0.5,0.5,0.70710678],[-0.70710678,0.70710678,0]],"phase":-0.7853981633974483},{"names":["t","t","h","t","h"],"matrix":[[1.53686518e-16,-1,0],[7.07106781e-01,8.08541461e-17,7.07106781e-01],[-7.07106781e-01,-8.08541461e-17,7.07106781e-01]],"phase":-4.319689898685965},{"names":["t","t","h","tdg","h"],"matrix":[[1.53686518e-16,-1,0],[7.07106781e-01,8.08541461e-17,-7.07106781e-01],[7.07106781e-01,8.08541461e-17,7.07106781e-01]],"phase":-3.5342917352885173},{"names":["t","t","h","tdg","tdg"],"matrix":[[-1,-1.14345030e-16,-1.72734934e-16],[-1.27814294e-16,-1.67827318e-32,1],[-1.53686518e-16,1,0]],"phase":-1.5707963267948966},{"names":["t","t","t","h","t"],"matrix":[[0.5,-0.5,-0.70710678],[-0.5,0.5,-0.70710678],[0.70710678,0.70710678,0]],"phase":-3.141592653589793},{"names":["t","t","t","h","tdg"],"matrix":[[-0.5,0.5,-0.70710678],[-0.5,0.5,0.70710678],[0.70710678,0.70710678,0]],"phase":-2.356194490192345},{"names":["t","t","t","t","h"],"matrix":[[0,0,-1],[-2.71354276e-16,1,0],[1,2.64708821e-16,0]],"phase":-3.141592653589793},{"names":["tdg","h","t","h","t"],"matrix":[[0.85355339,0.14644661,-0.5],[0.14644661,0.85355339,0.5],[0.5,-0.5,0.70710678]],"phase":-3.5342917352885173},{"names":["tdg","h","t","h","tdg"],"matrix":[[0.14644661,0.85355339,0.5],[-0.85355339,-0.14644661,0.5],[0.5,-0.5,0.70710678]],"phase":-2.748893571891069},{"names":["tdg","h","t","t","h"],"matrix":[[7.07106781e-01,7.07106781e-01,0],[-1.57009246e-16,1.24491566e-16,1],[7.07106781e-01,-7.07106781e-01,1.40217254e-16]],"phase":-3.5342917352885173},{"names":["tdg","h","t","t","t"],"matrix":[[-0.5,0.5,0.70710678],[-0.5,0.5,-0.70710678],[-0.70710678,-0.70710678,0]],"phase":-2.356194490192345},{"names":["tdg","h","tdg","h","t"],"matrix":[[0.85355339,0.14644661,0.5],[0.14644661,0.85355339,-0.5],[-0.5,0.5,0.70710678]],"phase":-2.748893571891069},{"names":["tdg","h","tdg","h","tdg"],"matrix":[[0.14644661,0.85355339,-0.5],[-0.85355339,-0.14644661,-0.5],[-0.5,0.5,0.70710678]],"phase":-1.9634954084936207},{"names":["tdg","h","tdg","tdg","tdg"],"matrix":[[0.5,-0.5,0.70710678],[-0.5,0.5,0.70710678],[-0.70710678,-0.70710678,0]],"phase":0.0},{"names":["tdg","tdg","h","t","h"],"matrix":[[1.53686518e-16,1,0],[-7.07106781e-01,8.08541461e-17,7.07106781e-01],[7.07106781e-01,-8.08541461e-17,7.07106781e-01]],"phase":-2.748893571891069},{"names":["tdg","tdg","h","t","t"],"matrix":[[-1,1.14345030e-16,-1.72734934e-16],[1.27814294e-16,-1.67827318e-32,-1],[-1.53686518e-16,-1,0]],"phase":-1.5707963267948966},{"names":["tdg","tdg","h","tdg","h"],"matrix":[[1.53686518e-16,1,0],[-7.07106781e-01,8.08541461e-17,-7.07106781e-01],[-7.07106781e-01,8.08541461e-17,7.07106781e-01]],"phase":-1.9634954084936207},{"names":["tdg","tdg","tdg","h","t"],"matrix":[[-0.5,-0.5,-0.70710678],[0.5,0.5,-0.70710678],[0.70710678,-0.70710678,0]],"phase":-0.7853981633974483},{"names":["tdg","tdg","tdg","h","tdg"],"matrix":[[0.5,0.5,-0.70710678],[0.5,0.5,0.70710678],[0.70710678,-0.70710678,0]],"phase":0.0}]