[{"names":[],"matrix":[[1,0,0],[0,1,0],[0,0,1]]},{"names":["h"],"matrix":[[0,0,-1],[0,-1,0],[-1,0,0]]},{"names":["t"],"matrix":[[0.70710678,-0.70710678,0],[0.70710678,0.70710678,0],[0,0,1]]},{"names":["tdg"],"matrix":[[0.70710678,0.70710678,0],[-0.70710678,0.70710678,0],[0,0,1]]},{"names":["h","t"],"matrix":[[0,0.70710678,-0.70710678],[0,-0.70710678,-0.70710678],[-1,0,0]]},{"names":["h","tdg"],"matrix":[[0,-0.70710678,-0.70710678],[0,-0.70710678,0.70710678],[-1,0,0]]},{"names":["t","h"],"matrix":[[0,0,-1],[-0.70710678,-0.70710678,0],[-0.70710678,0.70710678,0]]},{"names":["t","t"],"matrix":[[1.53686518e-16,-1,0],[1,1.1434503e-16,0],[0,0,1]]},{"names":["tdg","h"],"matrix":[[0,0,-1],[0.70710678,-0.70710678,0],[-0.70710678,-0.70710678,0]]},{"names":["tdg","tdg"],"matrix":[[1.53686518e-16,1,0],[-1,1.1434503e-16,0],[0,0,1]]},{"names":["h","t","h"],"matrix":[[1,0,0],[0,0.70710678,0.70710678],[0,-0.70710678,0.70710678]]},{"names":["h","t","t"],"matrix":[[0,1,-1.86204198e-16],[0,-1.92849653e-16,-1],[-1,0,0]]},{"names":["h","tdg","h"],"matrix":[[1,0,0],[0,0.70710678,-0.70710678],[0,0.70710678,0.70710678]]},{"names":["h","tdg","tdg"],"matrix":[[0,-1,-1.86204198e-16],[0,-1.92849653e-16,1],[-1,0,0]]},{"names":["t","h","t"],"matrix":[[0.5,0.5,-0.70710678],[-0.5,-0.5,-0.70710678],[-0.70710678,0.70710678,0]]},{"names":["t","h","tdg"],"matrix":[[-0.5,-0.5,-0.70710678],[-0.5,-0.5,0.70710678],[-0.70710678,0.70710678,0]]},{"names":["t","t","h"],"matrix":[[0,0,-1],[-1,-1.1434503e-16,0],[-1.53686518e-16,1,0]]},{"names":["t","t","t"],"matrix":[[-0.70710678,-0.70710678,0],[0.70710678,-0.70710678,0],[0,0,1]]},{"names":["tdg","h","t"],"matrix":[[-0.5,0.5,-0.70710678],[0.5,-0.5,-0.70710678],[-0.70710678,-0.70710678,0]]},{"names":["tdg","h","tdg"],"matrix":[[0.5,-0.5,-0.70710678],[0.5,-0.5,0.70710678],[-0.70710678,-0.70710678,0]]},{"names":["tdg","tdg","h"],"matrix":[[0,0,-1],[1,-1.1434503e-16,0],[-1.53686518e-16,-1,0]]},{"names":["tdg","tdg","tdg"],"matrix":[[-0.70710678,0.70710678,0],[-0.70710678,-0.70710678,0],[0,0,1]]},{"names":["h","t","h","t"],"matrix":[[0.70710678,-0.5,-0.5],[0.70710678,0.5,0.5],[0,-0.70710678,0.70710678]]},{"names":["h","t","h","tdg"],"matrix":[[0.70710678,0.5,0.5],[-0.70710678,0.5,0.5],[0,-0.70710678,0.70710678]]},{"names":["h","t","t","h"],"matrix":[[1,0,0],[0,1.92849653e-16,1],[0,-1,1.86204198e-16]]},{"names":["h","t","t","t"],"matrix":[[0,0.70710678,0.70710678],[0,0.70710678,-0.70710678],[-1,0,0]]},{"names":["h","tdg","h","t"],"matrix":[[0.70710678,-0.5,0.5],[0.70710678,0.5,-0.5],[0,0.70710678,0.70710678]]},{"names":["h","tdg","h","tdg"],"matrix":[[0.70710678,0.5,-0.5],[-0.70710678,0.5,-0.5],[0,0.70710678,0.70710678]]},{"names":["h","tdg","tdg","h"],"matrix":[[1,0,0],[0,1.92849653e-16,-1],[0,1,1.86204198e-16]]},{"names":["h","tdg","tdg","tdg"],"matrix":[[0,-0.70710678,0.70710678],[0,0.70710678,0.70710678],[-1,0,0]]},{"names":["t","h","t","h"],"matrix":[[0.70710678,-0.70710678,0],[0.5,0.5,0.70710678],[-0.5,-0.5,0.70710678]]},{"names":["t","h","t","t"],"matrix":[[0.707106781,0.707106781,-1.40217254e-16],[-1.57009246e-16,-1.24491566e-16,-1],[-0.707106781,0.707106781,0]]},{"names":["t","h","tdg","h"],"matrix":[[0.70710678,-0.70710678,0],[0.5,0.5,-0.70710678],[0.5,0.5,0.70710678]]},{"names":["t","h","tdg","tdg"],"matrix":[[-0.707106781,-0.707106781,-1.40217254e-16],[-1.57009246e-16,-1.24491566e-16,1],[-0.707106781,0.707106781,0]]},{"names":["t","t","h","t"],"matrix":[[0.707106781,8.08541461e-17,-0.707106781],[-0.707106781,-8.08541461e-17,-0.707106781],[-1.53686518e-16,1,0]]},{"names":["t","t","h","tdg"],"matrix":[[-0.707106781,-8.08541461e-17,-0.707106781],[-0.707106781,-8.08541461e-17,0.707106781],[-1.53686518e-16,1,0]]},{"names":["t","t","t","h"],"matrix":[[0,0,-1],[-0.70710678,0.70710678,0],[0.70710678,0.70710678,0]]},{"names":["t","t","t","t"],"matrix":[[-1,-2.64708821e-16,0],[2.71354276e-16,-1,0],[0,0,1]]},{"names":["tdg","h","t","h"],"matrix":[[0.70710678,0.70710678,0],[-0.5,0.5,0.70710678],[0.5,-0.5,0.70710678]]},{"names":["tdg","h","t","t"],"matrix":[[-0.707106781,0.707106781,-1.40217254e-16],[1.57009246e-16,-1.24491566e-16,-1],[-0.707106781,-0.707106781,0]]},{"names":["tdg","h","tdg","h"],"matrix":[[0.70710678,0.70710678,0],[-0.5,0.5,-0.70710678],[-0.5,0.5,0.70710678]]},{"names":["tdg","h","tdg","tdg"],"matrix":[[0.707106781,-0.707106781,-1.40217254e-16],[1.57009246e-16,-1.24491566e-16,1],[-0.707106781,-0.707106781,0]]},{"names":["tdg","tdg","h","t"],"matrix":[[-0.707106781,8.08541461e-17,-0.707106781],[0.707106781,-8.08541461e-17,-0.707106781],[-1.53686518e-16,-1,0]]},{"names":["tdg","tdg","h","tdg"],"matrix":[[0.707106781,-8.08541461e-17,-0.707106781],[0.707106781,-8.08541461e-17,0.707106781],[-1.53686518e-16,-1,0]]},{"names":["tdg","tdg","tdg","h"],"matrix":[[0,0,-1],[0.70710678,0.70710678,0],[0.70710678,-0.70710678,0]]},{"names":["h","t","h","t","h"],"matrix":[[0,0.70710678,-0.70710678],[-0.70710678,-0.5,-0.5],[-0.70710678,0.5,0.5]]},{"names":["h","t","h","t","t"],"matrix":[[1.72734934e-16,-0.707106781,-0.707106781],[1,6.89804151e-17,1.24491566e-16],[0,-0.707106781,0.707106781]]},{"names":["h","t","h","tdg","h"],"matrix":[[0,0.70710678,-0.70710678],[0.70710678,-0.5,-0.5],[-0.70710678,-0.5,-0.5]]},{"names":["h","t","h","tdg","tdg"],"matrix":[[1.72734934e-16,0.707106781,0.707106781],[-1,6.89804151e-17,1.24491566e-16],[0,-0.707106781,0.707106781]]},{"names":["h","t","t","h","tdg"],"matrix":[[0.707106781,1.36365297e-16,0.707106781],[-0.707106781,1.36365297e-16,0.707106781],[0,-1,1.86204198e-16]]},{"names":["h","t","t","t","h"],"matrix":[[1,0,0],[0,-0.70710678,0.70710678],[0,-0.70710678,-0.70710678]]},{"names":["h","t","t","t","t"],"matrix":[[0,3.2974418e-16,1],[0,1,-3.17341219e-16],[-1,0,0]]},{"names":["h","tdg","h","t","h"],"matrix":[[0,-0.70710678,-0.70710678],[-0.70710678,-0.5,0.5],[-0.70710678,0.5,-0.5]]},{"names":["h","tdg","h","t","t"],"matrix":[[1.72734934e-16,-0.707106781,0.707106781],[1,6.89804151e-17,-1.24491566e-16],[0,0.707106781,0.707106781]]},{"names":["h","tdg","h","tdg","h"],"matrix":[[0,-0.70710678,-0.70710678],[0.70710678,-0.5,0.5],[-0.70710678,-0.5,0.5]]},{"names":["h","tdg","h","tdg","tdg"],"matrix":[[1.72734934e-16,0.707106781,-0.707106781],[-1,6.89804151e-17,-1.24491566e-16],[0,0.707106781,0.707106781]]},{"names":["h","tdg","tdg","h","t"],"matrix":[[0.707106781,-1.36365297e-16,0.707106781],[0.707106781,1.36365297e-16,-0.707106781],[0,1,1.86204198e-16]]},{"names":["h","tdg","tdg","tdg","h"],"matrix":[[1,0,0],[0,-0.70710678,-0.70710678],[0,0.70710678,-0.70710678]]},{"names":["t","h","t","h","t"],"matrix":[[0.14644661,-0.85355339,-0.5],[0.85355339,-0.14644661,0.5],[-0.5,-0.5,0.70710678]]},{"names":["t","h","t","h","tdg"],"matrix":[[0.85355339,-0.14644661,0.5],[-0.14644661,0.85355339,0.5],[-0.5,-0.5,0.70710678]]},{"names":["t","h","t","t","t"],"matrix":[[0.5,0.5,0.70710678],[0.5,0.5,-0.70710678],[-0.70710678,0.70710678,0]]},{"names":["t","h","tdg","h","t"],"matrix":[[0.14644661,-0.85355339,0.5],[0.85355339,-0.14644661,-0.5],[0.5,0.5,0.70710678]]},{"names":["t","h","tdg","h","tdg"],"matrix":[[0.85355339,-0.14644661,-0.5],[-0.14644661,0.85355339,-0.5],[0.5,0.5,0.70710678]]},{"names":["t","h","tdg","tdg","h"],"matrix":[[0.707106781,-0.707106781,0],[1.57009246e-16,1.24491566e-16,-1],[0.707106781,0.707106781,1.40217254e-16]]},{"names":["t","h","tdg","tdg","tdg"],"matrix":[[-0.5,-0.5,0.70710678],[0.5,0.5,0.70710678],[-0.70710678,0.70710678,0]]},{"names":["t","t","h","t","h"],"matrix":[[1.53686518e-16,-1,0],[0.707106781,8.08541461e-17,0.707106781],[-0.707106781,-8.08541461e-17,0.707106781]]},{"names":["t","t","h","tdg","h"],"matrix":[[1.53686518e-16,-1,0],[0.707106781,8.08541461e-17,-0.707106781],[0.707106781,8.08541461e-17,0.707106781]]},{"names":["t","t","h","tdg","tdg"],"matrix":[[-1,-1.1434503e-16,-1.72734934e-16],[-1.27814294e-16,-1.67827318e-32,1],[-1.53686518e-16,1,0]]},{"names":["t","t","t","h","t"],"matrix":[[0.5,-0.5,-0.70710678],[-0.5,0.5,-0.70710678],[0.70710678,0.70710678,0]]},{"names":["t","t","t","h","tdg"],"matrix":[[-0.5,0.5,-0.70710678],[-0.5,0.5,0.70710678],[0.70710678,0.70710678,0]]},{"names":["t","t","t","t","h"],"matrix":[[0,0,-1],[-2.71354276e-16,1,0],[1,2.64708821e-16,0]]},{"names":["tdg","h","t","h","t"],"matrix":[[0.85355339,0.14644661,-0.5],[0.14644661,0.85355339,0.5],[0.5,-0.5,0.70710678]]},{"names":["tdg","h","t","h","tdg"],"matrix":[[0.14644661,0.85355339,0.5],[-0.85355339,-0.14644661,0.5],[0.5,-0.5,0.70710678]]},{"names":["tdg","h","t","t","h"],"matrix":[[0.707106781,0.707106781,0],[-1.57009246e-16,1.24491566e-16,1],[0.707106781,-0.707106781,1.40217254e-16]]},{"names":["tdg","h","t","t","t"],"matrix":[[-0.5,0.5,0.70710678],[-0.5,0.5,-0.70710678],[-0.70710678,-0.70710678,0]]},{"names":["tdg","h","tdg","h","t"],"matrix":[[0.85355339,0.14644661,0.5],[0.14644661,0.85355339,-0.5],[-0.5,0.5,0.70710678]]},{"names":["tdg","h","tdg","h","tdg"],"matrix":[[0.14644661,0.85355339,-0.5],[-0.85355339,-0.14644661,-0.5],[-0.5,0.5,0.70710678]]},{"names":["tdg","h","tdg","tdg","tdg"],"matrix":[[0.5,-0.5,0.70710678],[-0.5,0.5,0.70710678],[-0.70710678,-0.70710678,0]]},{"names":["tdg","tdg","h","t","h"],"matrix":[[1.53686518e-16,1,0],[-0.707106781,8.08541461e-17,0.707106781],[0.707106781,-8.08541461e-17,0.707106781]]},{"names":["tdg","tdg","h","t","t"],"matrix":[[-1,1.1434503e-16,-1.72734934e-16],[1.27814294e-16,-1.67827318e-32,-1],[-1.53686518e-16,-1,0]]},{"names":["tdg","tdg","h","tdg","h"],"matrix":[[1.53686518e-16,1,0],[-0.707106781,8.08541461e-17,-0.707106781],[-0.707106781,8.08541461e-17,0.707106781]]},{"names":["tdg","tdg","tdg","h","t"],"matrix":[[-0.5,-0.5,-0.70710678],[0.5,0.5,-0.70710678],[0.70710678,-0.70710678,0]]},{"names":["tdg","tdg","tdg","h","tdg"],"matrix":[[0.5,0.5,-0.70710678],[0.5,0.5,0.70710678],[0.70710678,-0.70710678,0]]},{"names":["h","t","h","t","h","t"],"matrix":[[0.5,0.85355339,-0.14644661],[-0.5,0.14644661,-0.85355339],[-0.70710678,0.5,0.5]]},{"names":["h","t","h","t","h","tdg"],"matrix":[[-0.5,0.14644661,-0.85355339],[-0.5,-0.85355339,0.14644661],[-0.70710678,0.5,0.5]]},{"names":["h","t","h","t","t","t"],"matrix":[[-0.70710678,-0.5,-0.5],[0.70710678,-0.5,-0.5],[0,-0.70710678,0.70710678]]},{"names":["h","t","h","tdg","h","t"],"matrix":[[-0.5,0.85355339,-0.14644661],[0.5,0.14644661,-0.85355339],[-0.70710678,-0.5,-0.5]]},{"names":["h","t","h","tdg","h","tdg"],"matrix":[[0.5,0.14644661,-0.85355339],[0.5,-0.85355339,0.14644661],[-0.70710678,-0.5,-0.5]]},{"names":["h","t","h","tdg","tdg","h"],"matrix":[[0,0.707106781,-0.707106781],[1,-6.89804151e-17,-1.24491566e-16],[-1.72734934e-16,-0.707106781,-0.707106781]]},{"names":["h","t","h","tdg","tdg","tdg"],"matrix":[[-0.70710678,0.5,0.5],[-0.70710678,-0.5,-0.5],[0,-0.70710678,0.70710678]]},{"names":["h","t","t","h","tdg","h"],"matrix":[[0,1,-1.86204198e-16],[0.707106781,-1.36365297e-16,-0.707106781],[-0.707106781,-1.36365297e-16,-0.707106781]]},{"names":["h","t","t","h","tdg","tdg"],"matrix":[[1.26747991e-16,1.92849653e-16,1],[-1,3.06040722e-32,2.06318917e-16],[0,-1,1.86204198e-16]]},{"names":["h","t","t","t","h","t"],"matrix":[[0.70710678,0.5,-0.5],[0.70710678,-0.5,0.5],[0,-0.70710678,-0.70710678]]},{"names":["h","t","t","t","h","tdg"],"matrix":[[0.70710678,-0.5,0.5],[-0.70710678,-0.5,0.5],[0,-0.70710678,-0.70710678]]},{"names":["h","t","t","t","t","h"],"matrix":[[1,0,0],[0,-1,3.17341219e-16],[0,-3.2974418e-16,-1]]},{"names":["h","tdg","h","t","h","t"],"matrix":[[0.5,-0.14644661,-0.85355339],[-0.5,-0.85355339,-0.14644661],[-0.70710678,0.5,-0.5]]},{"names":["h","tdg","h","t","h","tdg"],"matrix":[[-0.5,-0.85355339,-0.14644661],[-0.5,0.14644661,0.85355339],[-0.70710678,0.5,-0.5]]},{"names":["h","tdg","h","t","t","h"],"matrix":[[0,-0.707106781,-0.707106781],[-1,-6.89804151e-17,1.24491566e-16],[-1.72734934e-16,0.707106781,-0.707106781]]},{"names":["h","tdg","h","t","t","t"],"matrix":[[-0.70710678,-0.5,0.5],[0.70710678,-0.5,0.5],[0,0.70710678,0.70710678]]},{"names":["h","tdg","h","tdg","h","t"],"matrix":[[-0.5,-0.14644661,-0.85355339],[0.5,-0.85355339,-0.14644661],[-0.70710678,-0.5,0.5]]},{"names":["h","tdg","h","tdg","h","tdg"],"matrix":[[0.5,-0.85355339,-0.14644661],[0.5,0.14644661,0.85355339],[-0.70710678,-0.5,0.5]]},{"names":["h","tdg","h","tdg","tdg","tdg"],"matrix":[[-0.70710678,0.5,-0.5],[-0.70710678,-0.5,0.5],[0,0.70710678,0.70710678]]},{"names":["h","tdg","tdg","h","t","h"],"matrix":[[0,-1,-1.86204198e-16],[-0.707106781,-1.36365297e-16,0.707106781],[-0.707106781,1.36365297e-16,-0.707106781]]},{"names":["h","tdg","tdg","h","t","t"],"matrix":[[1.26747991e-16,-1.92849653e-16,1],[1,3.06040722e-32,-2.06318917e-16],[0,1,1.86204198e-16]]},{"names":["h","tdg","tdg","tdg","h","t"],"matrix":[[0.70710678,0.5,0.5],[0.70710678,-0.5,-0.5],[0,0.70710678,-0.70710678]]},{"names":["h","tdg","tdg","tdg","h","tdg"],"matrix":[[0.70710678,-0.5,-0.5],[-0.70710678,-0.5,-0.5],[0,0.70710678,-0.70710678]]},{"names":["t","h","t","h","t","h"],"matrix":[[0.5,0.5,-0.70710678],[-0.85355339,0.14644661,-0.5],[-0.14644661,0.85355339,0.5]]},{"names":["t","h","t","h","t","t"],"matrix":[[-0.5,-0.5,-0.707106781],[0.707106781,-0.707106781,1.47485038e-16],[-0.5,-0.5,0.707106781]]},{"names":["t","h","t","h","tdg","h"],"matrix":[[0.5,0.5,-0.70710678],[0.14644661,-0.85355339,-0.5],[-0.85355339,0.14644661,-0.5]]},{"names":["t","h","t","h","tdg","tdg"],"matrix":[[0.5,0.5,0.707106781],[-0.707106781,0.707106781,1.47485038e-16],[-0.5,-0.5,0.707106781]]},{"names":["t","h","t","t","t","h"],"matrix":[[0.70710678,-0.70710678,0],[-0.5,-0.5,0.70710678],[-0.5,-0.5,-0.70710678]]},{"names":["t","h","t","t","t","t"],"matrix":[[3.10073436e-16,2.87079964e-16,1],[0.707106781,0.707106781,-2.8482354e-16],[-0.707106781,0.707106781,0]]},{"names":["t","h","tdg","h","t","h"],"matrix":[[-0.5,-0.5,-0.70710678],[-0.85355339,0.14644661,0.5],[-0.14644661,0.85355339,-0.5]]},{"names":["t","h","tdg","h","t","t"],"matrix":[[-0.5,-0.5,0.707106781],[0.707106781,-0.707106781,-1.47485038e-16],[0.5,0.5,0.707106781]]},{"names":["t","h","tdg","h","tdg","h"],"matrix":[[-0.5,-0.5,-0.70710678],[0.14644661,-0.85355339,0.5],[-0.85355339,0.14644661,0.5]]},{"names":["t","h","tdg","h","tdg","tdg"],"matrix":[[0.5,0.5,-0.707106781],[-0.707106781,0.707106781,-1.47485038e-16],[0.5,0.5,0.707106781]]},{"names":["t","h","tdg","tdg","h","t"],"matrix":[[0.5,-0.5,0.707106781],[0.5,-0.5,-0.707106781],[0.707106781,0.707106781,1.40217254e-16]]},{"names":["t","h","tdg","tdg","tdg","h"],"matrix":[[0.70710678,-0.70710678,0],[-0.5,-0.5,-0.70710678],[0.5,0.5,-0.70710678]]},{"names":["t","t","h","t","h","t"],"matrix":[[-0.5,-0.707106781,-0.5],[0.5,-0.707106781,0.5],[-0.707106781,-8.08541461e-17,0.707106781]]},{"names":["t","t","h","t","h","tdg"],"matrix":[[0.5,-0.707106781,0.5],[0.5,0.707106781,0.5],[-0.707106781,-8.08541461e-17,0.707106781]]},{"names":["t","t","h","tdg","h","t"],"matrix":[[-0.5,-0.707106781,0.5],[0.5,-0.707106781,-0.5],[0.707106781,8.08541461e-17,0.707106781]]},{"names":["t","t","h","tdg","h","tdg"],"matrix":[[0.5,-0.707106781,-0.5],[0.5,0.707106781,-0.5],[0.707106781,8.08541461e-17,0.707106781]]},{"names":["t","t","h","tdg","tdg","h"],"matrix":[[1.53686518e-16,-1,0],[1.27814294e-16,1.67827318e-32,-1],[1,1.1434503e-16,1.72734934e-16]]},{"names":["t","t","h","tdg","tdg","tdg"],"matrix":[[-0.707106781,-8.08541461e-17,0.707106781],[0.707106781,8.08541461e-17,0.707106781],[-1.53686518e-16,1,0]]},{"names":["t","t","t","h","t","h"],"matrix":[[-0.70710678,-0.70710678,0],[0.5,-0.5,0.70710678],[-0.5,0.5,0.70710678]]},{"names":["t","t","t","h","tdg","h"],"matrix":[[-0.70710678,-0.70710678,0],[0.5,-0.5,-0.70710678],[0.5,-0.5,0.70710678]]},{"names":["t","t","t","h","tdg","tdg"],"matrix":[[-0.707106781,0.707106781,-1.26747991e-16],[-1.47485038e-16,1.57009246e-16,1],[0.707106781,0.707106781,0]]},{"names":["t","t","t","t","h","t"],"matrix":[[1.91876449e-16,-0.707106781,-0.707106781],[-1.91876449e-16,0.707106781,-0.707106781],[1,2.64708821e-16,0]]},{"names":["t","t","t","t","h","tdg"],"matrix":[[-1.91876449e-16,0.707106781,-0.707106781],[-1.91876449e-16,0.707106781,0.707106781],[1,2.64708821e-16,0]]},{"names":["tdg","h","t","h","t","h"],"matrix":[[-0.5,0.5,-0.70710678],[-0.14644661,-0.85355339,-0.5],[-0.85355339,-0.14644661,0.5]]},{"names":["tdg","h","t","h","t","t"],"matrix":[[0.5,-0.5,-0.707106781],[0.707106781,0.707106781,1.47485038e-16],[0.5,-0.5,0.707106781]]},{"names":["tdg","h","t","h","tdg","h"],"matrix":[[-0.5,0.5,-0.70710678],[0.85355339,0.14644661,-0.5],[-0.14644661,-0.85355339,-0.5]]},{"names":["tdg","h","t","h","tdg","tdg"],"matrix":[[-0.5,0.5,0.707106781],[-0.707106781,-0.707106781,1.47485038e-16],[0.5,-0.5,0.707106781]]},{"names":["tdg","h","t","t","h","tdg"],"matrix":[[0.5,0.5,0.707106781],[-0.5,-0.5,0.707106781],[0.707106781,-0.707106781,1.40217254e-16]]},{"names":["tdg","h","t","t","t","h"],"matrix":[[0.70710678,0.70710678,0],[0.5,-0.5,0.70710678],[0.5,-0.5,-0.70710678]]},{"names":["tdg","h","t","t","t","t"],"matrix":[[-3.10073436e-16,2.87079964e-16,1],[-0.707106781,0.707106781,-2.8482354e-16],[-0.707106781,-0.707106781,0]]},{"names":["tdg","h","tdg","h","t","h"],"matrix":[[0.5,-0.5,-0.70710678],[-0.14644661,-0.85355339,0.5],[-0.85355339,-0.14644661,-0.5]]},{"names":["tdg","h","tdg","h","t","t"],"matrix":[[0.5,-0.5,0.707106781],[0.707106781,0.707106781,-1.47485038e-16],[-0.5,0.5,0.707106781]]},{"names":["tdg","h","tdg","h","tdg","h"],"matrix":[[0.5,-0.5,-0.70710678],[0.85355339,0.14644661,0.5],[-0.14644661,-0.85355339,0.5]]},{"names":["tdg","h","tdg","h","tdg","tdg"],"matrix":[[-0.5,0.5,-0.707106781],[-0.707106781,-0.707106781,-1.47485038e-16],[-0.5,0.5,0.707106781]]},{"names":["tdg","h","tdg","tdg","tdg","h"],"matrix":[[0.70710678,0.70710678,0],[0.5,-0.5,-0.70710678],[-0.5,0.5,-0.70710678]]},{"names":["tdg","tdg","h","t","h","t"],"matrix":[[0.5,0.707106781,-0.5],[-0.5,0.707106781,0.5],[0.707106781,-8.08541461e-17,0.707106781]]},{"names":["tdg","tdg","h","t","h","tdg"],"matrix":[[-0.5,0.707106781,0.5],[-0.5,-0.707106781,0.5],[0.707106781,-8.08541461e-17,0.707106781]]},{"names":["tdg","tdg","h","t","t","h"],"matrix":[[1.53686518e-16,1,0],[-1.27814294e-16,1.67827318e-32,1],[1,-1.1434503e-16,1.72734934e-16]]},{"names":["tdg","tdg","h","t","t","t"],"matrix":[[-0.707106781,8.08541461e-17,0.707106781],[-0.707106781,8.08541461e-17,-0.707106781],[-1.53686518e-16,-1,0]]},{"names":["tdg","tdg","h","tdg","h","t"],"matrix":[[0.5,0.707106781,0.5],[-0.5,0.707106781,-0.5],[-0.707106781,8.08541461e-17,0.707106781]]},{"names":["tdg","tdg","h","tdg","h","tdg"],"matrix":[[-0.5,0.707106781,-0.5],[-0.5,-0.707106781,-0.5],[-0.707106781,8.08541461e-17,0.707106781]]},{"names":["tdg","tdg","tdg","h","t","h"],"matrix":[[-0.70710678,0.70710678,0],[-0.5,-0.5,0.70710678],[0.5,0.5,0.70710678]]},{"names":["tdg","tdg","tdg","h","t","t"],"matrix":[[-0.707106781,-0.707106781,-1.26747991e-16],[1.47485038e-16,1.57009246e-16,-1],[0.707106781,-0.707106781,0]]},{"names":["tdg","tdg","tdg","h","tdg","h"],"matrix":[[-0.70710678,0.70710678,0],[-0.5,-0.5,-0.70710678],[-0.5,-0.5,0.70710678]]},{"names":["h","t","h","t","h","t","h"],"matrix":[[0.70710678,-0.5,-0.5],[0.5,-0.14644661,0.85355339],[-0.5,-0.85355339,0.14644661]]},{"names":["h","t","h","t","h","t","t"],"matrix":[[0.707106781,0.5,0.5],[-1.14967359e-16,0.707106781,-0.707106781],[-0.707106781,0.5,0.5]]},{"names":["h","t","h","t","h","tdg","h"],"matrix":[[0.70710678,-0.5,-0.5],[0.5,0.85355339,-0.14644661],[0.5,-0.14644661,0.85355339]]},{"names":["h","t","h","t","h","tdg","tdg"],"matrix":[[-0.707106781,-0.5,-0.5],[-1.14967359e-16,-0.707106781,0.707106781],[-0.707106781,0.5,0.5]]},{"names":["h","t","h","t","t","t","h"],"matrix":[[0,0.70710678,-0.70710678],[-0.70710678,0.5,0.5],[0.70710678,0.5,0.5]]},{"names":["h","t","h","t","t","t","t"],"matrix":[[-1,-1.30070718e-16,-2.87079964e-16],[3.30810483e-16,-0.707106781,-0.707106781],[0,-0.707106781,0.707106781]]},{"names":["h","t","h","tdg","h","t","h"],"matrix":[[0.70710678,0.5,0.5],[-0.5,-0.14644661,0.85355339],[0.5,-0.85355339,0.14644661]]},{"names":["h","t","h","tdg","h","t","t"],"matrix":[[-0.707106781,0.5,0.5],[1.14967359e-16,0.707106781,-0.707106781],[-0.707106781,-0.5,-0.5]]},{"names":["h","t","h","tdg","h","tdg","h"],"matrix":[[0.70710678,0.5,0.5],[-0.5,0.85355339,-0.14644661],[-0.5,-0.14644661,0.85355339]]},{"names":["h","t","h","tdg","h","tdg","tdg"],"matrix":[[0.707106781,-0.5,-0.5],[1.14967359e-16,-0.707106781,0.707106781],[-0.707106781,-0.5,-0.5]]},{"names":["h","t","h","tdg","tdg","h","t"],"matrix":[[-0.707106781,0.5,-0.5],[0.707106781,0.5,-0.5],[-1.72734934e-16,-0.707106781,-0.707106781]]},{"names":["h","t","h","tdg","tdg","tdg","h"],"matrix":[[0,0.70710678,-0.70710678],[0.70710678,0.5,0.5],[0.70710678,-0.5,-0.5]]},{"names":["h","t","t","h","tdg","h","t"],"matrix":[[-0.5,0.707106781,0.5],[0.5,0.707106781,-0.5],[-0.707106781,-1.36365297e-16,-0.707106781]]},{"names":["h","t","t","h","tdg","h","tdg"],"matrix":[[0.5,0.707106781,-0.5],[0.5,-0.707106781,-0.5],[-0.707106781,-1.36365297e-16,-0.707106781]]},{"names":["h","t","t","h","tdg","tdg","h"],"matrix":[[0,1,-1.86204198e-16],[1,-3.06040722e-32,-2.06318917e-16],[-1.26747991e-16,-1.92849653e-16,-1]]},{"names":["h","t","t","t","h","t","h"],"matrix":[[0,0.70710678,0.70710678],[-0.70710678,0.5,-0.5],[-0.70710678,-0.5,0.5]]},{"names":["h","t","t","t","h","tdg","h"],"matrix":[[0,0.70710678,0.70710678],[0.70710678,0.5,-0.5],[-0.70710678,0.5,-0.5]]},{"names":["h","t","t","t","h","tdg","tdg"],"matrix":[[1.5926567e-16,-0.707106781,0.707106781],[-1,-6.89804151e-17,1.3796083e-16],[0,-0.707106781,-0.707106781]]},{"names":["h","t","t","t","t","h","t"],"matrix":[[0.707106781,0.707106781,-2.24394128e-16],[0.707106781,-0.707106781,2.24394128e-16],[0,-3.2974418e-16,-1]]},{"names":["h","t","t","t","t","h","tdg"],"matrix":[[0.707106781,-0.707106781,2.24394128e-16],[-0.707106781,-0.707106781,2.24394128e-16],[0,-3.2974418e-16,-1]]},{"names":["h","tdg","h","t","h","t","h"],"matrix":[[0.70710678,-0.5,0.5],[0.5,0.85355339,0.14644661],[-0.5,0.14644661,0.85355339]]},{"names":["h","tdg","h","t","h","t","t"],"matrix":[[0.707106781,0.5,-0.5],[-1.14967359e-16,-0.707106781,-0.707106781],[-0.707106781,0.5,-0.5]]},{"names":["h","tdg","h","t","h","tdg","h"],"matrix":[[0.70710678,-0.5,0.5],[0.5,-0.14644661,-0.85355339],[0.5,0.85355339,0.14644661]]},{"names":["h","tdg","h","t","h","tdg","tdg"],"matrix":[[-0.707106781,-0.5,0.5],[-1.14967359e-16,0.707106781,0.707106781],[-0.707106781,0.5,-0.5]]},{"names":["h","tdg","h","t","t","h","tdg"],"matrix":[[-0.707106781,-0.5,-0.5],[-0.707106781,0.5,0.5],[-1.72734934e-16,0.707106781,-0.707106781]]},{"names":["h","tdg","h","t","t","t","h"],"matrix":[[0,-0.70710678,-0.70710678],[-0.70710678,0.5,-0.5],[0.70710678,0.5,-0.5]]},{"names":["h","tdg","h","t","t","t","t"],"matrix":[[-1,-1.30070718e-16,2.87079964e-16],[3.30810483e-16,-0.707106781,0.707106781],[0,0.707106781,0.707106781]]},{"names":["h","tdg","h","tdg","h","t","h"],"matrix":[[0.70710678,0.5,-0.5],[-0.5,0.85355339,0.14644661],[0.5,0.14644661,0.85355339]]},{"names":["h","tdg","h","tdg","h","t","t"],"matrix":[[-0.707106781,0.5,-0.5],[1.14967359e-16,-0.707106781,-0.707106781],[-0.707106781,-0.5,0.5]]},{"names":["h","tdg","h","tdg","h","tdg","h"],"matrix":[[0.70710678,0.5,-0.5],[-0.5,-0.14644661,-0.85355339],[-0.5,0.85355339,0.14644661]]},{"names":["h","tdg","h","tdg","h","tdg","tdg"],"matrix":[[0.707106781,-0.5,0.5],[1.14967359e-16,0.707106781,0.707106781],[-0.707106781,-0.5,0.5]]},{"names":["h","tdg","h","tdg","tdg","tdg","h"],"matrix":[[0,-0.70710678,-0.70710678],[0.70710678,0.5,-0.5],[0.70710678,-0.5,0.5]]},{"names":["h","tdg","tdg","h","t","h","t"],"matrix":[[0.5,-0.707106781,-0.5],[-0.5,-0.707106781,0.5],[-0.707106781,1.36365297e-16,-0.707106781]]},{"names":["h","tdg","tdg","h","t","h","tdg"],"matrix":[[-0.5,-0.707106781,0.5],[-0.5,0.707106781,0.5],[-0.707106781,1.36365297e-16,-0.707106781]]},{"names":["h","tdg","tdg","h","t","t","h"],"matrix":[[0,-1,-1.86204198e-16],[-1,-3.06040722e-32,2.06318917e-16],[-1.26747991e-16,1.92849653e-16,-1]]},{"names":["h","tdg","tdg","tdg","h","t","h"],"matrix":[[0,-0.70710678,0.70710678],[-0.70710678,0.5,0.5],[-0.70710678,-0.5,-0.5]]},{"names":["h","tdg","tdg","tdg","h","t","t"],"matrix":[[1.5926567e-16,0.707106781,0.707106781],[1,-6.89804151e-17,-1.3796083e-16],[0,0.707106781,-0.707106781]]},{"names":["h","tdg","tdg","tdg","h","tdg","h"],"matrix":[[0,-0.70710678,0.70710678],[0.70710678,0.5,0.5],[-0.70710678,0.5,0.5]]},{"names":["t","h","t","h","t","h","t"],"matrix":[[0.95710678,0.25,-0.14644661],[-0.25,0.45710678,-0.85355339],[-0.14644661,0.85355339,0.5]]},{"names":["t","h","t","h","t","h","tdg"],"matrix":[[-0.25,0.45710678,-0.85355339],[-0.95710678,-0.25,0.14644661],[-0.14644661,0.85355339,0.5]]},{"names":["t","h","t","h","t","t","t"],"matrix":[[-0.85355339,0.14644661,-0.5],[0.14644661,-0.85355339,-0.5],[-0.5,-0.5,0.70710678]]},{"names":["t","h","t","h","tdg","h","t"],"matrix":[[0.25,0.95710678,-0.14644661],[0.45710678,-0.25,-0.85355339],[-0.85355339,0.14644661,-0.5]]},{"names":["t","h","t","h","tdg","h","tdg"],"matrix":[[0.45710678,-0.25,-0.85355339],[-0.25,-0.95710678,0.14644661],[-0.85355339,0.14644661,-0.5]]},{"names":["t","h","t","h","tdg","tdg","h"],"matrix":[[0.5,0.5,-0.707106781],[0.707106781,-0.707106781,-1.47485038e-16],[-0.5,-0.5,-0.707106781]]},{"names":["t","h","t","h","tdg","tdg","tdg"],"matrix":[[-0.14644661,0.85355339,0.5],[-0.85355339,0.14644661,-0.5],[-0.5,-0.5,0.70710678]]},{"names":["t","h","t","t","t","h","t"],"matrix":[[0.85355339,-0.14644661,-0.5],[0.14644661,-0.85355339,0.5],[-0.5,-0.5,-0.70710678]]},{"names":["t","h","t","t","t","h","tdg"],"matrix":[[0.14644661,-0.85355339,0.5],[-0.85355339,0.14644661,0.5],[-0.5,-0.5,-0.70710678]]},{"names":["t","h","tdg","h","t","h","t"],"matrix":[[0.25,-0.45710678,-0.85355339],[-0.95710678,-0.25,-0.14644661],[-0.14644661,0.85355339,-0.5]]},{"names":["t","h","tdg","h","t","h","tdg"],"matrix":[[-0.95710678,-0.25,-0.14644661],[-0.25,0.45710678,0.85355339],[-0.14644661,0.85355339,-0.5]]},{"names":["t","h","tdg","h","t","t","h"],"matrix":[[-0.5,-0.5,-0.707106781],[-0.707106781,0.707106781,1.47485038e-16],[0.5,0.5,-0.707106781]]},{"names":["t","h","tdg","h","t","t","t"],"matrix":[[-0.85355339,0.14644661,0.5],[0.14644661,-0.85355339,0.5],[0.5,0.5,0.70710678]]},{"names":["t","h","tdg","h","tdg","h","t"],"matrix":[[-0.45710678,0.25,-0.85355339],[-0.25,-0.95710678,-0.14644661],[-0.85355339,0.14644661,0.5]]},{"names":["t","h","tdg","h","tdg","h","tdg"],"matrix":[[-0.25,-0.95710678,-0.14644661],[0.45710678,-0.25,0.85355339],[-0.85355339,0.14644661,0.5]]},{"names":["t","h","tdg","h","tdg","tdg","tdg"],"matrix":[[-0.14644661,0.85355339,-0.5],[-0.85355339,0.14644661,0.5],[0.5,0.5,0.70710678]]},{"names":["t","h","tdg","tdg","h","t","h"],"matrix":[[-0.707106781,-0.707106781,-1.40217254e-16],[-0.5,0.5,0.707106781],[-0.5,0.5,-0.707106781]]},{"names":["t","h","tdg","tdg","h","t","t"],"matrix":[[-3.94505605e-18,-2.87079964e-16,1],[0.707106781,-0.707106781,-1.41283558e-16],[0.707106781,0.707106781,1.40217254e-16]]},{"names":["t","h","tdg","tdg","tdg","h","t"],"matrix":[[0.85355339,-0.14644661,0.5],[0.14644661,-0.85355339,-0.5],[0.5,0.5,-0.70710678]]},{"names":["t","h","tdg","tdg","tdg","h","tdg"],"matrix":[[0.14644661,-0.85355339,-0.5],[-0.85355339,0.14644661,-0.5],[0.5,0.5,-0.70710678]]},{"names":["t","t","h","t","h","t","h"],"matrix":[[0.707106781,8.08541461e-17,-0.707106781],[-0.5,0.707106781,-0.5],[0.5,0.707106781,0.5]]},{"names":["t","t","h","t","h","t","t"],"matrix":[[-0.707106781,-3.16274916e-16,-0.707106781],[3.04494284e-16,-1,1.14967359e-16],[-0.707106781,-8.08541461e-17,0.707106781]]},{"names":["t","t","h","t","h","tdg","h"],"matrix":[[0.707106781,8.08541461e-17,-0.707106781],[-0.5,-0.707106781,-0.5],[-0.5,0.707106781,-0.5]]},{"names":["t","t","h","t","h","tdg","tdg"],"matrix":[[0.707106781,-4.82433677e-17,0.707106781],[-1.90484157e-17,1,1.14967359e-16],[-0.707106781,-8.08541461e-17,0.707106781]]},{"names":["t","t","h","tdg","h","t","h"],"matrix":[[-0.707106781,-8.08541461e-17,-0.707106781],[-0.5,0.707106781,0.5],[0.5,0.707106781,-0.5]]},{"names":["t","t","h","tdg","h","t","t"],"matrix":[[-0.707106781,-3.16274916e-16,0.707106781],[3.04494284e-16,-1,-1.14967359e-16],[0.707106781,8.08541461e-17,0.707106781]]},{"names":["t","t","h","tdg","h","tdg","h"],"matrix":[[-0.707106781,-8.08541461e-17,-0.707106781],[-0.5,-0.707106781,0.5],[-0.5,0.707106781,0.5]]},{"names":["t","t","h","tdg","h","tdg","tdg"],"matrix":[[0.707106781,-4.82433677e-17,-0.707106781],[-1.90484157e-17,1,-1.14967359e-16],[0.707106781,8.08541461e-17,0.707106781]]},{"names":["t","t","h","tdg","tdg","h","t"],"matrix":[[1.82944254e-17,-0.707106781,0.707106781],[1.99051133e-16,-0.707106781,-0.707106781],[1,1.1434503e-16,1.72734934e-16]]},{"names":["t","t","h","tdg","tdg","tdg","h"],"matrix":[[1.53686518e-16,-1,0],[-0.707106781,-8.08541461e-17,-0.707106781],[0.707106781,8.08541461e-17,-0.707106781]]},{"names":["t","t","t","h","t","h","t"],"matrix":[[-0.85355339,-0.14644661,-0.5],[-0.14644661,-0.85355339,0.5],[-0.5,0.5,0.70710678]]},{"names":["t","t","t","h","t","h","tdg"],"matrix":[[-0.14644661,-0.85355339,0.5],[0.85355339,0.14644661,0.5],[-0.5,0.5,0.70710678]]},{"names":["t","t","t","h","tdg","h","t"],"matrix":[[-0.85355339,-0.14644661,0.5],[-0.14644661,-0.85355339,-0.5],[0.5,-0.5,0.70710678]]},{"names":["t","t","t","h","tdg","h","tdg"],"matrix":[[-0.14644661,-0.85355339,-0.5],[0.85355339,0.14644661,-0.5],[0.5,-0.5,0.70710678]]},{"names":["t","t","t","h","tdg","tdg","tdg"],"matrix":[[-0.5,0.5,0.70710678],[0.5,-0.5,0.70710678],[0.70710678,0.70710678,0]]},{"names":["tdg","h","t","h","t","h","t"],"matrix":[[-0.25,0.95710678,-0.14644661],[-0.45710678,-0.25,-0.85355339],[-0.85355339,-0.14644661,0.5]]},{"names":["tdg","h","t","h","t","h","tdg"],"matrix":[[-0.45710678,-0.25,-0.85355339],[0.25,-0.95710678,0.14644661],[-0.85355339,-0.14644661,0.5]]},{"names":["tdg","h","t","h","tdg","h","t"],"matrix":[[-0.95710678,0.25,-0.14644661],[0.25,0.45710678,-0.85355339],[-0.14644661,-0.85355339,-0.5]]},{"names":["tdg","h","t","h","tdg","h","tdg"],"matrix":[[0.25,0.45710678,-0.85355339],[0.95710678,-0.25,0.14644661],[-0.14644661,-0.85355339,-0.5]]},{"names":["tdg","h","t","h","tdg","tdg","h"],"matrix":[[-0.5,0.5,-0.707106781],[0.707106781,0.707106781,-1.47485038e-16],[0.5,-0.5,-0.707106781]]},{"names":["tdg","h","t","t","h","tdg","h"],"matrix":[[-0.707106781,0.707106781,-1.40217254e-16],[0.5,0.5,-0.707106781],[-0.5,-0.5,-0.707106781]]},{"names":["tdg","h","t","t","h","tdg","tdg"],"matrix":[[-3.94505605e-18,2.87079964e-16,1],[-0.707106781,-0.707106781,1.41283558e-16],[0.707106781,-0.707106781,1.40217254e-16]]},{"names":["tdg","h","t","t","t","h","t"],"matrix":[[0.14644661,0.85355339,-0.5],[0.85355339,0.14644661,0.5],[0.5,-0.5,-0.70710678]]},{"names":["tdg","h","t","t","t","h","tdg"],"matrix":[[0.85355339,0.14644661,0.5],[-0.14644661,-0.85355339,0.5],[0.5,-0.5,-0.70710678]]},{"names":["tdg","h","tdg","h","t","h","t"],"matrix":[[0.45710678,0.25,-0.85355339],[0.25,-0.95710678,-0.14644661],[-0.85355339,-0.14644661,-0.5]]},{"names":["tdg","h","tdg","h","t","h","tdg"],"matrix":[[0.25,-0.95710678,-0.14644661],[-0.45710678,-0.25,0.85355339],[-0.85355339,-0.14644661,-0.5]]},{"names":["tdg","h","tdg","h","t","t","h"],"matrix":[[0.5,-0.5,-0.707106781],[-0.707106781,-0.707106781,1.47485038e-16],[-0.5,0.5,-0.707106781]]},{"names":["tdg","h","tdg","h","tdg","h","t"],"matrix":[[-0.25,-0.45710678,-0.85355339],[0.95710678,-0.25,-0.14644661],[-0.14644661,-0.85355339,0.5]]},{"names":["tdg","h","tdg","h","tdg","h","tdg"],"matrix":[[0.95710678,-0.25,-0.14644661],[0.25,0.45710678,0.85355339],[-0.14644661,-0.85355339,0.5]]},{"names":["tdg","h","tdg","tdg","tdg","h","t"],"matrix":[[0.14644661,0.85355339,0.5],[0.85355339,0.14644661,-0.5],[-0.5,0.5,-0.70710678]]},{"names":["tdg","h","tdg","tdg","tdg","h","tdg"],"matrix":[[0.85355339,0.14644661,-0.5],[-0.14644661,-0.85355339,-0.5],[-0.5,0.5,-0.70710678]]},{"names":["tdg","tdg","h","t","h","t","h"],"matrix":[[-0.707106781,8.08541461e-17,-0.707106781],[0.5,-0.707106781,-0.5],[-0.5,-0.707106781,0.5]]},{"names":["tdg","tdg","h","t","h","tdg","h"],"matrix":[[-0.707106781,8.08541461e-17,-0.707106781],[0.5,0.707106781,-0.5],[0.5,-0.707106781,-0.5]]},{"names":["tdg","tdg","h","t","t","h","tdg"],"matrix":[[1.82944254e-17,0.707106781,0.707106781],[-1.99051133e-16,-0.707106781,0.707106781],[1,-1.1434503e-16,1.72734934e-16]]},{"names":["tdg","tdg","h","t","t","t","h"],"matrix":[[1.53686518e-16,1,0],[0.707106781,-8.08541461e-17,0.707106781],[0.707106781,-8.08541461e-17,-0.707106781]]},{"names":["tdg","tdg","h","tdg","h","t","h"],"matrix":[[0.707106781,-8.08541461e-17,-0.707106781],[0.5,-0.707106781,0.5],[-0.5,-0.707106781,-0.5]]},{"names":["tdg","tdg","h","tdg","h","tdg","h"],"matrix":[[0.707106781,-8.08541461e-17,-0.707106781],[0.5,0.707106781,0.5],[0.5,-0.707106781,0.5]]},{"names":["tdg","tdg","tdg","h","t","t","t"],"matrix":[[-0.5,-0.5,0.70710678],[-0.5,-0.5,-0.70710678],[0.70710678,-0.70710678,0]]},{"names":["h","t","h","t","h","t","h","t"],"matrix":[[0.14644661,-0.25,-0.95710678],[0.85355339,-0.45710678,0.25],[-0.5,-0.85355339,0.14644661]]},{"names":["h","t","h","t","h","t","h","tdg"],"matrix":[[0.85355339,-0.45710678,0.25],[-0.14644661,0.25,0.95710678],[-0.5,-0.85355339,0.14644661]]},{"names":["h","t","h","t","h","t","t","t"],"matrix":[[0.5,-0.14644661,0.85355339],[0.5,0.85355339,-0.14644661],[-0.70710678,0.5,0.5]]},{"names":["h","t","h","t","h","tdg","h","t"],"matrix":[[0.14644661,-0.95710678,-0.25],[0.85355339,0.25,-0.45710678],[0.5,-0.14644661,0.85355339]]},{"names":["h","t","h","t","h","tdg","h","tdg"],"matrix":[[0.85355339,0.25,-0.45710678],[-0.14644661,0.95710678,0.25],[0.5,-0.14644661,0.85355339]]},{"names":["h","t","h","t","h","tdg","tdg","h"],"matrix":[[0.707106781,-0.5,-0.5],[1.14967359e-16,0.707106781,-0.707106781],[0.707106781,0.5,0.5]]},{"names":["h","t","h","t","h","tdg","tdg","tdg"],"matrix":[[-0.5,-0.85355339,0.14644661],[0.5,-0.14644661,0.85355339],[-0.70710678,0.5,0.5]]},{"names":["h","t","h","t","t","t","h","t"],"matrix":[[0.5,0.14644661,-0.85355339],[-0.5,0.85355339,-0.14644661],[0.70710678,0.5,0.5]]},{"names":["h","t","h","t","t","t","h","tdg"],"matrix":[[-0.5,0.85355339,-0.14644661],[-0.5,-0.14644661,0.85355339],[0.70710678,0.5,0.5]]},{"names":["h","t","h","tdg","h","t","h","t"],"matrix":[[0.85355339,0.45710678,-0.25],[0.14644661,0.25,0.95710678],[0.5,-0.85355339,0.14644661]]},{"names":["h","t","h","tdg","h","t","h","tdg"],"matrix":[[0.14644661,0.25,0.95710678],[-0.85355339,-0.45710678,0.25],[0.5,-0.85355339,0.14644661]]},{"names":["h","t","h","tdg","h","t","t","h"],"matrix":[[0.707106781,0.5,0.5],[-1.14967359e-16,-0.707106781,0.707106781],[0.707106781,-0.5,-0.5]]},{"names":["h","t","h","tdg","h","t","t","t"],"matrix":[[-0.5,-0.14644661,0.85355339],[-0.5,0.85355339,-0.14644661],[-0.70710678,-0.5,-0.5]]},{"names":["h","t","h","tdg","h","tdg","h","t"],"matrix":[[0.85355339,-0.25,0.45710678],[0.14644661,0.95710678,0.25],[-0.5,-0.14644661,0.85355339]]},{"names":["h","t","h","tdg","h","tdg","h","tdg"],"matrix":[[0.14644661,0.95710678,0.25],[-0.85355339,0.25,-0.45710678],[-0.5,-0.14644661,0.85355339]]},{"names":["h","t","h","tdg","h","tdg","tdg","tdg"],"matrix":[[0.5,-0.85355339,0.14644661],[-0.5,-0.14644661,0.85355339],[-0.70710678,-0.5,-0.5]]},{"names":["h","t","h","tdg","tdg","h","t","h"],"matrix":[[1.72734934e-16,0.707106781,0.707106781],[-0.707106781,-0.5,0.5],[0.707106781,-0.5,0.5]]},{"names":["h","t","h","tdg","tdg","h","t","t"],"matrix":[[-1,1.30070718e-16,2.69385278e-17],[1.08765878e-16,0.707106781,-0.707106781],[-1.72734934e-16,-0.707106781,-0.707106781]]},{"names":["h","t","h","tdg","tdg","tdg","h","t"],"matrix":[[-0.5,0.14644661,-0.85355339],[0.5,0.85355339,-0.14644661],[0.70710678,-0.5,-0.5]]},{"names":["h","t","h","tdg","tdg","tdg","h","tdg"],"matrix":[[0.5,0.85355339,-0.14644661],[0.5,-0.14644661,0.85355339],[0.70710678,-0.5,-0.5]]},{"names":["h","t","t","h","tdg","h","t","h"],"matrix":[[0.707106781,1.36365297e-16,0.707106781],[-0.5,-0.707106781,0.5],[0.5,-0.707106781,-0.5]]},{"names":["h","t","t","h","tdg","h","t","t"],"matrix":[[-0.707106781,3.48792596e-16,0.707106781],[8.2449679e-17,1,-2.71976604e-16],[-0.707106781,-1.36365297e-16,-0.707106781]]},{"names":["h","t","t","h","tdg","h","tdg","h"],"matrix":[[0.707106781,1.36365297e-16,0.707106781],[-0.5,0.707106781,0.5],[-0.5,-0.707106781,0.5]]},{"names":["h","t","t","h","tdg","h","tdg","tdg"],"matrix":[[0.707106781,-3.02612553e-17,-0.707106781],[8.2449679e-17,-1,7.45595669e-17],[-0.707106781,-1.36365297e-16,-0.707106781]]},{"names":["h","t","t","h","tdg","tdg","h","t"],"matrix":[[-0.707106781,0.707106781,1.42232541e-17],[0.707106781,0.707106781,-2.77555756e-16],[-1.26747991e-16,-1.92849653e-16,-1]]},{"names":["h","t","t","t","h","t","h","t"],"matrix":[[0.5,0.14644661,0.85355339],[-0.5,0.85355339,0.14644661],[-0.70710678,-0.5,0.5]]},{"names":["h","t","t","t","h","t","h","tdg"],"matrix":[[-0.5,0.85355339,0.14644661],[-0.5,-0.14644661,-0.85355339],[-0.70710678,-0.5,0.5]]},{"names":["h","t","t","t","h","tdg","h","t"],"matrix":[[-0.5,0.14644661,0.85355339],[0.5,0.85355339,0.14644661],[-0.70710678,0.5,-0.5]]},{"names":["h","t","t","t","h","tdg","h","tdg"],"matrix":[[0.5,0.85355339,0.14644661],[0.5,-0.14644661,-0.85355339],[-0.70710678,0.5,-0.5]]},{"names":["h","t","t","t","h","tdg","tdg","tdg"],"matrix":[[-0.70710678,-0.5,0.5],[-0.70710678,0.5,-0.5],[0,-0.70710678,-0.70710678]]},{"names":["h","tdg","h","t","h","t","h","t"],"matrix":[[0.14644661,-0.95710678,0.25],[0.85355339,0.25,0.45710678],[-0.5,0.14644661,0.85355339]]},{"names":["h","tdg","h","t","h","t","h","tdg"],"matrix":[[0.85355339,0.25,0.45710678],[-0.14644661,0.95710678,-0.25],[-0.5,0.14644661,0.85355339]]},{"names":["h","tdg","h","t","h","tdg","h","t"],"matrix":[[0.14644661,-0.25,0.95710678],[0.85355339,-0.45710678,-0.25],[0.5,0.85355339,0.14644661]]},{"names":["h","tdg","h","t","h","tdg","h","tdg"],"matrix":[[0.85355339,-0.45710678,-0.25],[-0.14644661,0.25,-0.95710678],[0.5,0.85355339,0.14644661]]},{"names":["h","tdg","h","t","h","tdg","tdg","h"],"matrix":[[0.707106781,-0.5,0.5],[1.14967359e-16,-0.707106781,-0.707106781],[0.707106781,0.5,-0.5]]},{"names":["h","tdg","h","t","t","h","tdg","h"],"matrix":[[1.72734934e-16,-0.707106781,0.707106781],[0.707106781,-0.5,-0.5],[0.707106781,0.5,0.5]]},{"names":["h","tdg","h","t","t","h","tdg","tdg"],"matrix":[[-1,-1.30070718e-16,2.69385278e-17],[-1.08765878e-16,0.707106781,0.707106781],[-1.72734934e-16,0.707106781,-0.707106781]]},{"names":["h","tdg","h","t","t","t","h","t"],"matrix":[[0.5,-0.85355339,-0.14644661],[-0.5,-0.14644661,-0.85355339],[0.70710678,0.5,-0.5]]},{"names":["h","tdg","h","t","t","t","h","tdg"],"matrix":[[-0.5,-0.14644661,-0.85355339],[-0.5,0.85355339,0.14644661],[0.70710678,0.5,-0.5]]},{"names":["h","tdg","h","tdg","h","t","h","t"],"matrix":[[0.85355339,-0.25,-0.45710678],[0.14644661,0.95710678,-0.25],[0.5,0.14644661,0.85355339]]},{"names":["h","tdg","h","tdg","h","t","h","tdg"],"matrix":[[0.14644661,0.95710678,-0.25],[-0.85355339,0.25,0.45710678],[0.5,0.14644661,0.85355339]]},{"names":["h","tdg","h","tdg","h","t","t","h"],"matrix":[[0.707106781,0.5,-0.5],[-1.14967359e-16,0.707106781,0.707106781],[0.707106781,-0.5,0.5]]},{"names":["h","tdg","h","tdg","h","tdg","h","t"],"matrix":[[0.85355339,0.45710678,0.25],[0.14644661,0.25,-0.95710678],[-0.5,0.85355339,0.14644661]]},{"names":["h","tdg","h","tdg","h","tdg","h","tdg"],"matrix":[[0.14644661,0.25,-0.95710678],[-0.85355339,-0.45710678,-0.25],[-0.5,0.85355339,0.14644661]]},{"names":["h","tdg","h","tdg","tdg","tdg","h","t"],"matrix":[[-0.5,-0.85355339,-0.14644661],[0.5,-0.14644661,-0.85355339],[0.70710678,-0.5,0.5]]},{"names":["h","tdg","h","tdg","tdg","tdg","h","tdg"],"matrix":[[0.5,-0.14644661,-0.85355339],[0.5,0.85355339,0.14644661],[0.70710678,-0.5,0.5]]},{"names":["h","tdg","tdg","h","t","h","t","h"],"matrix":[[0.707106781,-1.36365297e-16,0.707106781],[0.5,0.707106781,-0.5],[-0.5,0.707106781,0.5]]},{"names":["h","tdg","tdg","h","t","h","tdg","h"],"matrix":[[0.707106781,-1.36365297e-16,0.707106781],[0.5,-0.707106781,-0.5],[0.5,0.707106781,-0.5]]},{"names":["h","td